0,0,0,0,0,-40,0,40,0,0,-20,0,0,0,-60,-40,-40,-40,0,0,20,-40,40,40,0,60,0,0,0,0,-20,-20,-40,0,40,0,0,-20,0,0,0,0,40,0,0,40,40,40,-40,0,0,60,0,0,0,0,0,0,0,-40,20,40,20,-40,-40,-40,-60,0,0,40,0,0,0,0,20,-40,0,0,0,0,0,
0,0,0,0,-6.242365,-36.54123,0,36.54123,6.242365,0,25.07162,39.35853,0,39.65075,-32.02518,-41.76212,-24.37702,-95.84793,0,-39.35853,-25.07162,-41.76212,95.84793,24.37702,0,32.02518,-39.65075,0,0,0,25.07162,-46.92033,-43.23221,-39.35853,24.41953,8.686405,-6.242365,-46.92033,-8.686405,39.65075,54.39316,4.250686,95.84793,-29.56108,0,36.54123,24.41953,43.23221,-24.37702,-29.56108,0,32.02518,-15.31373,-4.250686,0,0,0,39.35853,-8.686405,-24.41953,-25.07162,43.23221,46.92033,-36.54123,-43.23221,-24.41953,-32.02518,4.250686,15.31373,24.37702,0,29.56108,6.242365,8.686405,46.92033,-95.84793,0,29.56108,-39.65075,-4.250686,-54.39316,
0,0,0,0,14.37805,-2.260918,0,2.260918,-14.37805,0,26.28376,-35.86948,0,-16.50417,-62.35713,-28.536,-0.8761765,-81.83533,0,35.86948,-26.28376,-28.536,81.83533,0.8761765,0,62.35713,16.50417,0,0,0,26.28376,35.08865,-44.45221,35.86948,49.46059,39.57113,14.37805,35.08865,-39.57113,-16.50417,-12.04447,-3.51878,81.83533,88.42218,0,2.260918,49.46059,44.45221,-0.8761765,88.42218,0,62.35713,-68.92269,3.51878,0,0,0,-35.86948,-39.57113,-49.46059,-26.28376,44.45221,-35.08865,-2.260918,-44.45221,-49.46059,-62.35713,-3.51878,68.92269,0.8761765,0,-88.42218,-14.37805,39.57113,-35.08865,-81.83533,0,-88.42218,16.50417,3.51878,12.04447,
0,0,0,0,-40.95759,-45.06182,0,45.06182,40.95759,0,-43.03787,-15.43601,0,8.96017,-18.35437,-54.22346,-62.36464,-65.58127,0,15.43601,43.03787,-54.22346,65.58127,62.36464,0,18.35437,-8.96017,0,0,0,-43.03787,-18.52341,-46.44876,15.43601,48.34675,28.58032,-40.95759,-18.52341,-28.58032,8.96017,-4.646863,23.55736,65.58127,-6.974924,0,45.06182,48.34675,46.44876,-62.36464,-6.974924,0,18.35437,-42.00532,-23.55736,0,0,0,-15.43601,-28.58032,-48.34675,43.03787,46.44876,18.52341,-45.06182,-46.44876,-48.34675,-18.35437,23.55736,42.00532,62.36464,0,6.974924,40.95759,28.58032,18.52341,-65.58127,0,6.974924,-8.96017,-23.55736,4.646863,
0,0,0,0,-2.815419,-39.017,0,39.017,2.815419,0,29.5413,-48.59509,0,37.65108,-15.92431,-79.61335,-79.37808,-71.86522,0,48.59509,-29.5413,-79.61335,71.86522,79.37808,0,15.92431,-37.65108,0,0,0,29.5413,15.22146,-12.35891,48.59509,13.25106,-7.129449,-2.815419,15.22146,7.129449,37.65108,52.06834,33.62998,71.86522,-74.42236,0,39.017,13.25106,12.35891,-79.37808,-74.42236,0,15.92431,9.200163,-33.62998,0,0,0,-48.59509,7.129449,-13.25106,-29.5413,12.35891,-15.22146,-39.017,-12.35891,-13.25106,-15.92431,33.62998,-9.200163,79.37808,0,74.42236,2.815419,-7.129449,-15.22146,-71.86522,0,74.42236,-37.65108,-33.62998,-52.06834,
0,0,0,0,-22.45134,-38.09583,0,38.09583,22.45134,0,-15.73058,0.1706183,0,6.909472,-5.476869,-68.31748,-2.042628,-95.91363,0,-0.1706183,15.73058,-68.31748,95.91363,2.042628,0,5.476869,-6.909472,0,0,0,-15.73058,-8.038038,-17.55533,-0.1706183,61.45684,-15.17624,-22.45134,-8.038038,15.17624,6.909472,90.10996,71.00777,95.91363,58.29689,0,38.09583,61.45684,17.55533,-2.042628,58.29689,0,5.476869,-28.09297,-71.00777,0,0,0,0.1706183,15.17624,-61.45684,15.73058,17.55533,8.038038,-38.09583,-17.55533,-61.45684,-5.476869,71.00777,28.09297,2.042628,0,-58.29689,22.45134,-15.17624,8.038038,-95.91363,0,-58.29689,-6.909472,-71.00777,-90.10996,
0,0,0,0,-22.45134,-38.09583,0,38.09583,22.45134,0,-15.73058,0.1706183,0,6.909472,-5.476869,-68.31748,-2.042628,-95.91363,0,-0.1706183,15.73058,-68.31748,95.91363,2.042628,0,5.476869,-6.909472,0,0,0,-15.73058,-8.038038,-17.55533,-0.1706183,61.45684,-15.17624,-22.45134,-8.038038,15.17624,6.909472,90.10996,71.00777,95.91363,58.29689,0,38.09583,61.45684,17.55533,-2.042628,58.29689,0,5.476869,-28.09297,-71.00777,0,0,0,0.1706183,15.17624,-61.45684,15.73058,17.55533,8.038038,-38.09583,-17.55533,-61.45684,-5.476869,71.00777,28.09297,2.042628,0,-58.29689,22.45134,-15.17624,8.038038,-95.91363,0,-58.29689,-6.909472,-71.00777,-90.10996,
0,0,0,0,-20.58036,-46.56165,0,46.56165,20.58036,0,39.32714,-22.80728,0,11.92047,-68.26671,-77.60584,-85.92165,-79.43946,0,22.80728,-39.32714,-77.60584,79.43946,85.92165,0,68.26671,-11.92047,0,0,0,39.32714,-43.04216,-72.54218,22.80728,13.30373,-12.86294,-20.58036,-43.04216,12.86294,11.92047,64.8435,70.396,79.43946,81.63357,0,46.56165,13.30373,72.54218,-85.92165,81.63357,0,68.26671,-44.96172,-70.396,0,0,0,-22.80728,12.86294,-13.30373,-39.32714,72.54218,43.04216,-46.56165,-72.54218,-13.30373,-68.26671,70.396,44.96172,85.92165,0,-81.63357,20.58036,-12.86294,43.04216,-79.43946,0,-81.63357,-11.92047,-70.396,-64.8435,
0,0,0,0,-39.70129,-35.96843,0,35.96843,39.70129,0,29.3378,15.61048,0,20.91948,-15.06736,-71.24308,-40.25363,-65.97535,0,-15.61048,-29.3378,-71.24308,65.97535,40.25363,0,15.06736,-20.91948,0,0,0,29.3378,10.15844,-55.99126,-15.61048,87.14002,26.95108,-39.70129,10.15844,-26.95108,20.91948,-32.3521,43.30319,65.97535,-69.38582,0,35.96843,87.14002,55.99126,-40.25363,-69.38582,0,15.06736,24.63181,-43.30319,0,0,0,15.61048,-26.95108,-87.14002,-29.3378,55.99126,-10.15844,-35.96843,-55.99126,-87.14002,-15.06736,43.30319,-24.63181,40.25363,0,69.38582,39.70129,26.95108,-10.15844,-65.97535,0,69.38582,-20.91948,-43.30319,32.3521,
0,0,0,0,-17.55517,-39.65809,0,39.65809,17.55517,0,29.51769,-31.43846,0,-47.28176,-93.44479,-21.15038,-66.16029,-88.1665,0,31.43846,-29.51769,-21.15038,88.1665,66.16029,0,93.44479,47.28176,0,0,0,29.51769,-10.70135,-80.10187,31.43846,58.17052,13.50888,-17.55517,-10.70135,-13.50888,-47.28176,86.15299,60.17543,88.1665,-51.85542,0,39.65809,58.17052,80.10187,-66.16029,-51.85542,0,93.44479,-68.11531,-60.17543,0,0,0,-31.43846,-13.50888,-58.17052,-29.51769,80.10187,10.70135,-39.65809,-80.10187,-58.17052,-93.44479,60.17543,68.11531,66.16029,0,51.85542,17.55517,13.50888,10.70135,-88.1665,0,51.85542,47.28176,-60.17543,-86.15299,
0,0,0,0,49.46158,-23.85483,0,23.85483,-49.46158,0,-10.14364,-35.05068,0,11.24679,-91.82896,-40.52761,-68.33652,-46.54872,0,35.05068,10.14364,-40.52761,46.54872,68.33652,0,91.82896,-11.24679,0,0,0,-10.14364,46.50799,-82.13683,35.05068,4.228974,49.91747,49.46158,46.50799,-49.91747,11.24679,31.55431,86.18604,46.54872,-5.986774,0,23.85483,4.228974,82.13683,-68.33652,-5.986774,0,91.82896,36.03429,-86.18604,0,0,0,-35.05068,-49.91747,-4.228974,10.14364,82.13683,-46.50799,-23.85483,-82.13683,-4.228974,-91.82896,86.18604,-36.03429,68.33652,0,5.986774,-49.46158,49.91747,-46.50799,-46.54872,0,5.986774,-11.24679,-86.18604,-31.55431,
0,0,0,0,0.9489119,-15.41655,0,15.41655,-0.9489119,0,-27.10999,-40.16851,0,-20.88827,-97.56987,-86.56688,-20.38741,-33.07128,0,40.16851,27.10999,-86.56688,33.07128,20.38741,0,97.56987,20.88827,0,0,0,-27.10999,-4.276318,-62.71299,40.16851,32.83676,24.38079,0.9489119,-4.276318,-24.38079,-20.88827,-27.38206,6.19738,33.07128,15.36494,0,15.41655,32.83676,62.71299,-20.38741,15.36494,0,97.56987,-1.761042,-6.19738,0,0,0,-40.16851,-24.38079,-32.83676,27.10999,62.71299,4.276318,-15.41655,-62.71299,-32.83676,-97.56987,6.19738,1.761042,20.38741,0,-15.36494,-0.9489119,24.38079,4.276318,-33.07128,0,-15.36494,20.88827,-6.19738,27.38206,
0,0,0,0,-8.175379,-40.9224,0,40.9224,8.175379,0,17.01318,-48.7008,0,29.44486,-21.47047,-12.36716,-29.58783,-75.70834,0,48.7008,-17.01318,-12.36716,75.70834,29.58783,0,21.47047,-29.44486,0,0,0,17.01318,-49.32141,-14.34169,48.7008,38.57792,-6.485623,-8.175379,-49.32141,6.485623,29.44486,80.63599,81.63785,75.70834,-1.957858,0,40.9224,38.57792,14.34169,-29.58783,-1.957858,0,21.47047,-66.61084,-81.63785,0,0,0,-48.7008,6.485623,-38.57792,-17.01318,14.34169,49.32141,-40.9224,-14.34169,-38.57792,-21.47047,81.63785,66.61084,29.58783,0,1.957858,8.175379,-6.485623,49.32141,-75.70834,0,1.957858,-29.44486,-81.63785,-80.63599,
0,0,0,0,32.42599,-4.331225,0,4.331225,-32.42599,0,-13.95542,7.061988,0,-28.22547,-31.98147,-74.09473,-53.04659,-0.837207,0,-7.061988,13.95542,-74.09473,0.837207,53.04659,0,31.98147,28.22547,0,0,0,-13.95542,-19.49247,-86.09681,-7.061988,66.15543,-31.20255,32.42599,-19.49247,31.20255,-28.22547,-25.27988,28.97551,0.837207,62.44349,0,4.331225,66.15543,86.09681,-53.04659,62.44349,0,31.98147,-26.4285,-28.97551,0,0,0,7.061988,31.20255,-66.15543,13.95542,86.09681,19.49247,-4.331225,-86.09681,-66.15543,-31.98147,28.97551,26.4285,53.04659,0,-62.44349,-32.42599,-31.20255,19.49247,-0.837207,0,-62.44349,28.22547,-28.97551,25.27988,
0,0,0,0,32.42599,-4.331225,0,4.331225,-32.42599,0,-13.95542,7.061988,0,-28.22547,-31.98147,-74.09473,-53.04659,-0.837207,0,-7.061988,13.95542,-74.09473,0.837207,53.04659,0,31.98147,28.22547,0,0,0,-13.95542,-19.49247,-86.09681,-7.061988,66.15543,-31.20255,32.42599,-19.49247,31.20255,-28.22547,-25.27988,28.97551,0.837207,62.44349,0,4.331225,66.15543,86.09681,-53.04659,62.44349,0,31.98147,-26.4285,-28.97551,0,0,0,7.061988,31.20255,-66.15543,13.95542,86.09681,19.49247,-4.331225,-86.09681,-66.15543,-31.98147,28.97551,26.4285,53.04659,0,-62.44349,-32.42599,-31.20255,19.49247,-0.837207,0,-62.44349,28.22547,-28.97551,25.27988,
0,0,0,0,-48.35361,-38.08617,0,38.08617,48.35361,0,24.49071,-43.15438,0,46.81687,-85.03399,-30.81901,-49.87748,-67.47026,0,43.15438,-24.49071,-30.81901,67.47026,49.87748,0,85.03399,-46.81687,0,0,0,24.49071,-0.3472269,-96.19142,43.15438,47.29043,-18.0002,-48.35361,-0.3472269,18.0002,46.81687,-11.46332,55.10553,67.47026,17.56333,0,38.08617,47.29043,96.19142,-49.87748,17.56333,0,85.03399,-26.49227,-55.10553,0,0,0,-43.15438,18.0002,-47.29043,-24.49071,96.19142,0.3472269,-38.08617,-96.19142,-47.29043,-85.03399,55.10553,26.49227,49.87748,0,-17.56333,48.35361,-18.0002,0.3472269,-67.47026,0,-17.56333,-46.81687,-55.10553,11.46332,
0,0,0,0,-3.354162,-45.00465,0,45.00465,3.354162,0,24.59263,-11.04693,0,39.79922,-19.78383,-71.65907,-29.72516,-93.55358,0,11.04693,-24.59263,-71.65907,93.55358,29.72516,0,19.78383,-39.79922,0,0,0,24.59263,-43.47744,-54.875,11.04693,0.5359531,10.05104,-3.354162,-43.47744,-10.05104,39.79922,-28.69477,-45.78534,93.55358,-65.7078,0,45.00465,0.5359531,54.875,-29.72516,-65.7078,0,19.78383,-49.78392,45.78534,0,0,0,-11.04693,-10.05104,-0.5359531,-24.59263,54.875,43.47744,-45.00465,-54.875,-0.5359531,-19.78383,-45.78534,49.78392,29.72516,0,65.7078,3.354162,10.05104,43.47744,-93.55358,0,65.7078,-39.79922,45.78534,28.69477,
0,0,0,0,-7.489723,-41.84111,0,41.84111,7.489723,0,48.35033,20.6384,0,11.48533,-1.985717,-20.567,-29.83466,-47.07159,0,-20.6384,-48.35033,-20.567,47.07159,29.83466,0,1.985717,-11.48533,0,0,0,48.35033,-6.405849,-8.218647,-20.6384,34.14847,-31.7507,-7.489723,-6.405849,31.7507,11.48533,91.76029,3.949867,47.07159,4.243958,0,41.84111,34.14847,8.218647,-29.83466,4.243958,0,1.985717,-1.597785,-3.949867,0,0,0,20.6384,31.7507,-34.14847,-48.35033,8.218647,6.405849,-41.84111,-8.218647,-34.14847,-1.985717,3.949867,1.597785,29.83466,0,-4.243958,7.489723,-31.7507,6.405849,-47.07159,0,-4.243958,-11.48533,-3.949867,-91.76029,
0,0,0,0,38.44431,-29.8608,0,29.8608,-38.44431,0,-49.95346,-38.50161,0,-20.84796,-84.03104,-4.845322,-98.78989,-20.66815,0,38.50161,49.95346,-4.845322,20.66815,98.78989,0,84.03104,20.84796,0,0,0,-49.95346,-29.85175,-10.18346,38.50161,0.3756881,40.1252,38.44431,-29.85175,-40.1252,-20.84796,61.55083,-43.26442,20.66815,-61.65207,0,29.8608,0.3756881,10.18346,-98.78989,-61.65207,0,84.03104,-14.58524,43.26442,0,0,0,-38.50161,-40.1252,-0.3756881,49.95346,10.18346,29.85175,-29.8608,-10.18346,-0.3756881,-84.03104,-43.26442,14.58524,98.78989,0,61.65207,-38.44431,40.1252,29.85175,-20.66815,0,61.65207,20.84796,43.26442,-61.55083,
0,0,0,0,-43.75825,-35.72348,0,35.72348,43.75825,0,8.813137,16.95348,0,-12.54081,-79.77712,-75.1773,-98.9062,-66.06281,0,-16.95348,-8.813137,-75.1773,66.06281,98.9062,0,79.77712,12.54081,0,0,0,8.813137,23.49092,-43.93595,-16.95348,24.54145,-30.365,-43.75825,23.49092,30.365,-12.54081,36.82653,-18.26973,66.06281,84.20825,0,35.72348,24.54145,43.93595,-98.9062,84.20825,0,79.77712,-11.06463,18.26973,0,0,0,16.95348,30.365,-24.54145,-8.813137,43.93595,-23.49092,-35.72348,-43.93595,-24.54145,-79.77712,-18.26973,11.06463,98.9062,0,-84.20825,43.75825,-30.365,-23.49092,-66.06281,0,-84.20825,12.54081,18.26973,-36.82653,
0,0,0,0,-39.55383,-45.69425,0,45.69425,39.55383,0,46.65176,-12.85569,0,-44.42763,-75.54911,-90.69803,-5.943383,-56.849,0,12.85569,-46.65176,-90.69803,56.849,5.943383,0,75.54911,44.42763,0,0,0,46.65176,-12.64859,-97.30003,12.85569,52.95749,25.73636,-39.55383,-12.64859,-25.73636,-44.42763,-18.07225,-38.54333,56.849,-48.22782,0,45.69425,52.95749,97.30003,-5.943383,-48.22782,0,75.54911,-45.94475,38.54333,0,0,0,-12.85569,-25.73636,-52.95749,-46.65176,97.30003,12.64859,-45.69425,-97.30003,-52.95749,-75.54911,-38.54333,45.94475,5.943383,0,48.22782,39.55383,25.73636,12.64859,-56.849,0,48.22782,44.42763,38.54333,18.07225,
0,0,0,0,10.49712,-36.58484,0,36.58484,-10.49712,0,-38.95797,-13.06221,0,19.94811,-4.009104,-81.11433,-76.82291,-48.59963,0,13.06221,38.95797,-81.11433,48.59963,76.82291,0,4.009104,-19.94811,0,0,0,-38.95797,-11.07838,-6.056465,13.06221,57.62536,-19.08368,10.49712,-11.07838,19.08368,19.94811,53.52131,-15.19739,48.59963,85.11195,0,36.58484,57.62536,6.056465,-76.82291,85.11195,0,4.009104,36.22387,15.19739,0,0,0,-13.06221,19.08368,-57.62536,38.95797,6.056465,11.07838,-36.58484,-6.056465,-57.62536,-4.009104,-15.19739,-36.22387,76.82291,0,-85.11195,-10.49712,-19.08368,11.07838,-48.59963,0,-85.11195,-19.94811,15.19739,-53.52131,
0,0,0,0,3.007931,-34.14561,0,34.14561,-3.007931,0,2.845091,13.42654,0,-16.83044,-50.629,-31.30125,-27.9993,-58.51287,0,-13.42654,-2.845091,-31.30125,58.51287,27.9993,0,50.629,16.83044,0,0,0,2.845091,-29.30884,-47.70537,-13.42654,37.48626,12.10095,3.007931,-29.30884,-12.10095,-16.83044,62.35932,-43.38852,58.51287,44.46191,0,34.14561,37.48626,47.70537,-27.9993,44.46191,0,50.629,26.96746,43.38852,0,0,0,13.42654,-12.10095,-37.48626,-2.845091,47.70537,29.30884,-34.14561,-47.70537,-37.48626,-50.629,-43.38852,-26.96746,27.9993,0,-44.46191,-3.007931,12.10095,29.30884,-58.51287,0,-44.46191,16.83044,43.38852,-62.35932,
0,0,0,0,-24.70808,-17.42663,0,17.42663,24.70808,0,-31.40591,2.978712,0,8.085793,-26.87414,-27.26699,-73.85454,-10.03716,0,-2.978712,31.40591,-27.26699,10.03716,73.85454,0,26.87414,-8.085793,0,0,0,-31.40591,-22.51317,-66.13304,-2.978712,35.29242,10.18789,-24.70808,-22.51317,-10.18789,8.085793,19.46098,-49.67783,10.03716,93.06047,0,17.42663,35.29242,66.13304,-73.85454,93.06047,0,26.87414,-32.8599,49.67783,0,0,0,2.978712,-10.18789,-35.29242,31.40591,66.13304,22.51317,-17.42663,-66.13304,-35.29242,-26.87414,-49.67783,32.8599,73.85454,0,-93.06047,24.70808,10.18789,22.51317,-10.03716,0,-93.06047,-8.085793,49.67783,-19.46098,
0,0,0,0,-43.07465,-45.21935,0,45.21935,43.07465,0,-17.97381,-32.15089,0,11.64243,-28.84231,-56.12618,-98.27351,-76.49144,0,32.15089,17.97381,-56.12618,76.49144,98.27351,0,28.84231,-11.64243,0,0,0,-17.97381,0.7355273,-37.91239,32.15089,86.38582,4.050321,-43.07465,0.7355273,-4.050321,11.64243,21.25471,20.93455,76.49144,-57.6345,0,45.21935,86.38582,37.91239,-98.27351,-57.6345,0,28.84231,31.34536,-20.93455,0,0,0,-32.15089,-4.050321,-86.38582,17.97381,37.91239,-0.7355273,-45.21935,-37.91239,-86.38582,-28.84231,20.93455,-31.34536,98.27351,0,57.6345,43.07465,4.050321,-0.7355273,-76.49144,0,57.6345,-11.64243,-20.93455,-21.25471,
0,0,0,0,-43.07465,-45.21935,0,45.21935,43.07465,0,-17.97381,-32.15089,0,11.64243,-28.84231,-56.12618,-98.27351,-76.49144,0,32.15089,17.97381,-56.12618,76.49144,98.27351,0,28.84231,-11.64243,0,0,0,-17.97381,0.7355273,-37.91239,32.15089,86.38582,4.050321,-43.07465,0.7355273,-4.050321,11.64243,21.25471,20.93455,76.49144,-57.6345,0,45.21935,86.38582,37.91239,-98.27351,-57.6345,0,28.84231,31.34536,-20.93455,0,0,0,-32.15089,-4.050321,-86.38582,17.97381,37.91239,-0.7355273,-45.21935,-37.91239,-86.38582,-28.84231,20.93455,-31.34536,98.27351,0,57.6345,43.07465,4.050321,-0.7355273,-76.49144,0,57.6345,-11.64243,-20.93455,-21.25471,
0,0,0,0,49.00237,-21.79135,0,21.79135,-49.00237,0,13.10404,19.04881,0,-14.60912,-70.62153,-89.34096,-6.439198,-72.68411,0,-19.04881,-13.10404,-89.34096,72.68411,6.439198,0,70.62153,14.60912,0,0,0,13.10404,41.1677,-43.36245,-19.04881,18.51841,-12.74968,49.00237,41.1677,12.74968,-14.60912,43.30462,43.85921,72.68411,-40.07613,0,21.79135,18.51841,43.36245,-6.439198,-40.07613,0,70.62153,36.65399,-43.85921,0,0,0,19.04881,12.74968,-18.51841,-13.10404,43.36245,-41.1677,-21.79135,-43.36245,-18.51841,-70.62153,43.85921,-36.65399,6.439198,0,40.07613,-49.00237,-12.74968,-41.1677,-72.68411,0,40.07613,14.60912,-43.85921,-43.30462,
0,0,0,0,-5.530876,-20.09268,0,20.09268,5.530876,0,3.164321,23.13879,0,-20.94242,-2.923203,-56.64526,-51.1133,-61.53006,0,-23.13879,-3.164321,-56.64526,61.53006,51.1133,0,2.923203,20.94242,0,0,0,3.164321,-41.81015,-23.77342,-23.13879,38.48564,-26.23913,-5.530876,-41.81015,26.23913,-20.94242,86.97211,16.63833,61.53006,38.25185,0,20.09268,38.48564,23.77342,-51.1133,38.25185,0,2.923203,-18.64362,-16.63833,0,0,0,23.13879,26.23913,-38.48564,-3.164321,23.77342,41.81015,-20.09268,-23.77342,-38.48564,-2.923203,16.63833,18.64362,51.1133,0,-38.25185,5.530876,-26.23913,41.81015,-61.53006,0,-38.25185,20.94242,-16.63833,-86.97211,
0,0,0,0,-27.89372,-43.26981,0,43.26981,27.89372,0,-3.217798,-4.234868,0,-29.29175,-85.68679,-42.85598,-72.94616,-49.90524,0,4.234868,3.217798,-42.85598,49.90524,72.94616,0,85.68679,29.29175,0,0,0,-3.217798,-32.71809,-95.75459,4.234868,9.506907,-22.74755,-27.89372,-32.71809,22.74755,-29.29175,71.39006,1.802133,49.90524,52.38857,0,43.26981,9.506907,95.75459,-72.94616,52.38857,0,85.68679,-5.130736,-1.802133,0,0,0,-4.234868,22.74755,-9.506907,3.217798,95.75459,32.71809,-43.26981,-95.75459,-9.506907,-85.68679,1.802133,5.130736,72.94616,0,-52.38857,27.89372,-22.74755,32.71809,-49.90524,0,-52.38857,29.29175,-1.802133,-71.39006,
0,0,0,0,4.534596,-22.56921,0,22.56921,-4.534596,0,12.09082,34.05368,0,-38.29412,-11.34709,-36.70501,-36.2728,-41.39659,0,-34.05368,-12.09082,-36.70501,41.39659,36.2728,0,11.34709,38.29412,0,0,0,12.09082,-0.2357423,-88.86543,-34.05368,90.14587,22.83522,4.534596,-0.2357423,-22.83522,-38.29412,92.94231,9.648403,41.39659,97.66755,0,22.56921,90.14587,88.86543,-36.2728,97.66755,0,11.34709,-20.42463,-9.648403,0,0,0,34.05368,-22.83522,-90.14587,-12.09082,88.86543,0.2357423,-22.56921,-88.86543,-90.14587,-11.34709,9.648403,20.42463,36.2728,0,-97.66755,-4.534596,22.83522,0.2357423,-41.39659,0,-97.66755,38.29412,-9.648403,-92.94231,
0,0,0,0,25.1198,-30.96901,0,30.96901,-25.1198,0,-26.18874,-22.72935,0,12.99906,-99.02103,-44.3119,-97.06512,-7.684041,0,22.72935,26.18874,-44.3119,7.684041,97.06512,0,99.02103,-12.99906,0,0,0,-26.18874,5.202192,-96.77584,22.72935,16.14461,36.76406,25.1198,5.202192,-36.76406,12.99906,57.51911,61.75995,7.684041,-10.79477,0,30.96901,16.14461,96.77584,-97.06512,-10.79477,0,99.02103,-37.8727,-61.75995,0,0,0,-22.72935,-36.76406,-16.14461,26.18874,96.77584,-5.202192,-30.96901,-96.77584,-16.14461,-99.02103,61.75995,37.8727,97.06512,0,10.79477,-25.1198,36.76406,-5.202192,-7.684041,0,10.79477,-12.99906,-61.75995,-57.51911,
0,0,0,0,-22.80239,-43.11148,0,43.11148,22.80239,0,-10.80288,-42.99541,0,-6.124205,-62.50607,-73.98443,-93.56233,-77.21571,0,42.99541,10.80288,-73.98443,77.21571,93.56233,0,62.50607,6.124205,0,0,0,-10.80288,-0.5176008,-46.51762,42.99541,95.98229,-45.06205,-22.80239,-0.5176008,45.06205,-6.124205,75.00734,-0.3140405,77.21571,30.27465,0,43.11148,95.98229,46.51762,-93.56233,30.27465,0,62.50607,-92.35318,0.3140405,0,0,0,-42.99541,45.06205,-95.98229,10.80288,46.51762,0.5176008,-43.11148,-46.51762,-95.98229,-62.50607,-0.3140405,92.35318,93.56233,0,-30.27465,22.80239,-45.06205,0.5176008,-77.21571,0,-30.27465,6.124205,0.3140405,-75.00734,
0,0,0,0,-28.21664,-5.008114,0,5.008114,28.21664,0,26.70468,-35.43324,0,13.77749,-10.05221,-90.32748,-41.42098,-64.70232,0,35.43324,-26.70468,-90.32748,64.70232,41.42098,0,10.05221,-13.77749,0,0,0,26.70468,-20.39631,-45.07024,35.43324,81.79903,17.57712,-28.21664,-20.39631,-17.57712,13.77749,49.30091,22.00218,64.70232,11.93107,0,5.008114,81.79903,45.07024,-41.42098,11.93107,0,10.05221,37.88741,-22.00218,0,0,0,-35.43324,-17.57712,-81.79903,-26.70468,45.07024,20.39631,-5.008114,-45.07024,-81.79903,-10.05221,22.00218,-37.88741,41.42098,0,-11.93107,28.21664,17.57712,20.39631,-64.70232,0,-11.93107,-13.77749,-22.00218,-49.30091,
0,0,0,0,38.0146,-28.53004,0,28.53004,-38.0146,0,-49.60443,30.61647,0,-27.96883,-78.07224,-13.59269,-15.8443,-45.65884,0,-30.61647,49.60443,-13.59269,45.65884,15.8443,0,78.07224,27.96883,0,0,0,-49.60443,-23.61411,-87.5252,-30.61647,65.51131,21.72227,38.0146,-23.61411,-21.72227,-27.96883,66.27051,-27.24076,45.65884,-97.18196,0,28.53004,65.51131,87.5252,-15.8443,-97.18196,0,78.07224,24.37594,27.24076,0,0,0,30.61647,-21.72227,-65.51131,49.60443,87.5252,23.61411,-28.53004,-87.5252,-65.51131,-78.07224,-27.24076,-24.37594,15.8443,0,97.18196,-38.0146,21.72227,23.61411,-45.65884,0,97.18196,27.96883,27.24076,-66.27051,
0,0,0,0,-28.98398,-26.72239,0,26.72239,28.98398,0,-24.41297,-38.23062,0,49.48713,-27.64647,-63.628,-22.57265,-69.01884,0,38.23062,24.41297,-63.628,69.01884,22.57265,0,27.64647,-49.48713,0,0,0,-24.41297,30.4963,-78.88335,38.23062,86.92278,-4.530353,-28.98398,30.4963,4.530353,49.48713,72.33802,-9.781005,69.01884,-10.30887,0,26.72239,86.92278,78.88335,-22.57265,-10.30887,0,27.64647,-29.04832,9.781005,0,0,0,-38.23062,4.530353,-86.92278,24.41297,78.88335,-30.4963,-26.72239,-78.88335,-86.92278,-27.64647,-9.781005,29.04832,22.57265,0,10.30887,28.98398,-4.530353,-30.4963,-69.01884,0,10.30887,-49.48713,9.781005,-72.33802,
0,0,0,0,-3.357822,-27.28845,0,27.28845,3.357822,0,-12.94765,39.75883,0,18.76442,-80.94617,-59.15324,-12.0696,-11.58179,0,-39.75883,12.94765,-59.15324,11.58179,12.0696,0,80.94617,-18.76442,0,0,0,-12.94765,-47.93739,-39.46439,-39.75883,6.902505,-35.24197,-3.357822,-47.93739,35.24197,18.76442,-18.47487,87.67838,11.58179,92.04619,0,27.28845,6.902505,39.46439,-12.0696,92.04619,0,80.94617,47.16106,-87.67838,0,0,0,39.75883,35.24197,-6.902505,12.94765,39.46439,47.93739,-27.28845,-39.46439,-6.902505,-80.94617,87.67838,-47.16106,12.0696,0,-92.04619,3.357822,-35.24197,47.93739,-11.58179,0,-92.04619,-18.76442,-87.67838,18.47487,
0,0,0,0,-40.00534,-33.61541,0,33.61541,40.00534,0,13.6273,25.37563,0,36.0428,-52.96162,-66.67219,-98.79887,-94.7907,0,-25.37563,-13.6273,-66.67219,94.7907,98.79887,0,52.96162,-36.0428,0,0,0,13.6273,-48.45774,-8.974088,-25.37563,97.94966,5.395514,-40.00534,-48.45774,-5.395514,36.0428,21.01805,56.02893,94.7907,-25.63335,0,33.61541,97.94966,8.974088,-98.79887,-25.63335,0,52.96162,-54.78882,-56.02893,0,0,0,25.37563,-5.395514,-97.94966,-13.6273,8.974088,48.45774,-33.61541,-8.974088,-97.94966,-52.96162,56.02893,54.78882,98.79887,0,25.63335,40.00534,5.395514,48.45774,-94.7907,0,25.63335,-36.0428,-56.02893,-21.01805,
0,0,0,0,-20.73091,-32.775,0,32.775,20.73091,0,22.4689,-1.0876,0,27.2876,-37.75951,-57.46605,-78.93041,-80.24462,0,1.0876,-22.4689,-57.46605,80.24462,78.93041,0,37.75951,-27.2876,0,0,0,22.4689,12.49623,-19.42802,1.0876,31.7137,-21.0964,-20.73091,12.49623,21.0964,27.2876,-15.20955,55.21463,80.24462,97.39177,0,32.775,31.7137,19.42802,-78.93041,97.39177,0,37.75951,45.5509,-55.21463,0,0,0,-1.0876,21.0964,-31.7137,-22.4689,19.42802,-12.49623,-32.775,-19.42802,-31.7137,-37.75951,55.21463,-45.5509,78.93041,0,-97.39177,20.73091,-21.0964,-12.49623,-80.24462,0,-97.39177,-27.2876,-55.21463,15.20955,
0,0,0,0,2.181834,-47.22009,0,47.22009,-2.181834,0,-27.67162,32.64483,0,-9.173149,-56.34167,-35.54962,-2.907944,-51.04508,0,-32.64483,27.67162,-35.54962,51.04508,2.907944,0,56.34167,9.173149,0,0,0,-27.67162,49.4565,-87.16286,-32.64483,45.69196,9.536714,2.181834,49.4565,-9.536714,-9.173149,96.29878,-36.60938,51.04508,65.65156,0,47.22009,45.69196,87.16286,-2.907944,65.65156,0,56.34167,32.21886,36.60938,0,0,0,32.64483,-9.536714,-45.69196,27.67162,87.16286,-49.4565,-47.22009,-87.16286,-45.69196,-56.34167,-36.60938,-32.21886,2.907944,0,-65.65156,-2.181834,9.536714,-49.4565,-51.04508,0,-65.65156,9.173149,36.60938,-96.29878,
0,0,0,0,2.181834,-47.22009,0,47.22009,-2.181834,0,-27.67162,32.64483,0,-9.173149,-56.34167,-35.54962,-2.907944,-51.04508,0,-32.64483,27.67162,-35.54962,51.04508,2.907944,0,56.34167,9.173149,0,0,0,-27.67162,49.4565,-87.16286,-32.64483,45.69196,9.536714,2.181834,49.4565,-9.536714,-9.173149,96.29878,-36.60938,51.04508,65.65156,0,47.22009,45.69196,87.16286,-2.907944,65.65156,0,56.34167,32.21886,36.60938,0,0,0,32.64483,-9.536714,-45.69196,27.67162,87.16286,-49.4565,-47.22009,-87.16286,-45.69196,-56.34167,-36.60938,-32.21886,2.907944,0,-65.65156,-2.181834,9.536714,-49.4565,-51.04508,0,-65.65156,9.173149,36.60938,-96.29878,
0,0,0,0,-39.48751,-46.8289,0,46.8289,39.48751,0,15.9028,2.70856,0,-10.33575,-24.39075,-84.85619,-37.60821,-85.7664,0,-2.70856,-15.9028,-84.85619,85.7664,37.60821,0,24.39075,10.33575,0,0,0,15.9028,-40.27584,-85.60554,-2.70856,89.12453,27.15301,-39.48751,-40.27584,-27.15301,-10.33575,-38.58511,54.26031,85.7664,-25.96558,0,46.8289,89.12453,85.60554,-37.60821,-25.96558,0,24.39075,12.04718,-54.26031,0,0,0,2.70856,-27.15301,-89.12453,-15.9028,85.60554,40.27584,-46.8289,-85.60554,-89.12453,-24.39075,54.26031,-12.04718,37.60821,0,25.96558,39.48751,27.15301,40.27584,-85.7664,0,25.96558,10.33575,-54.26031,38.58511,
0,0,0,0,-44.86216,-26.1664,0,26.1664,44.86216,0,-23.80599,31.06467,0,14.10947,-75.34087,-26.53487,-0.3560782,-61.72775,0,-31.06467,23.80599,-26.53487,61.72775,0.3560782,0,75.34087,-14.10947,0,0,0,-23.80599,-12.49904,-33.76992,-31.06467,38.12594,-37.16002,-44.86216,-12.49904,37.16002,14.10947,-0.1453832,42.83355,61.72775,-27.35959,0,26.1664,38.12594,33.76992,-0.3560782,-27.35959,0,75.34087,-57.33084,-42.83355,0,0,0,31.06467,37.16002,-38.12594,23.80599,33.76992,12.49904,-26.1664,-33.76992,-38.12594,-75.34087,42.83355,57.33084,0.3560782,0,27.35959,44.86216,-37.16002,12.49904,-61.72775,0,27.35959,-14.10947,-42.83355,0.1453832,
0,0,0,0,-25.54583,-14.48834,0,14.48834,25.54583,0,24.55258,-19.59447,0,-21.48977,-25.24345,-47.85898,-46.91697,-79.55996,0,19.59447,-24.55258,-47.85898,79.55996,46.91697,0,25.24345,21.48977,0,0,0,24.55258,21.65525,-59.55743,19.59447,80.57246,42.66167,-25.54583,21.65525,-42.66167,-21.48977,95.98441,38.69894,79.55996,29.78746,0,14.48834,80.57246,59.55743,-46.91697,29.78746,0,25.24345,25.43073,-38.69894,0,0,0,-19.59447,-42.66167,-80.57246,-24.55258,59.55743,-21.65525,-14.48834,-59.55743,-80.57246,-25.24345,38.69894,-25.43073,46.91697,0,-29.78746,25.54583,42.66167,-21.65525,-79.55996,0,-29.78746,21.48977,-38.69894,-95.98441,
0,0,0,0,-48.89547,-49.93496,0,49.93496,48.89547,0,-41.69732,-40.58783,0,21.10352,-61.99091,-25.60187,-29.74425,-67.68702,0,40.58783,41.69732,-25.60187,67.68702,29.74425,0,61.99091,-21.10352,0,0,0,-41.69732,11.57523,-61.97658,40.58783,12.23856,-32.52283,-48.89547,11.57523,32.52283,21.10352,-10.75465,-31.58619,67.68702,9.824621,0,49.93496,12.23856,61.97658,-29.74425,9.824621,0,61.99091,-36.30182,31.58619,0,0,0,-40.58783,32.52283,-12.23856,41.69732,61.97658,-11.57523,-49.93496,-61.97658,-12.23856,-61.99091,-31.58619,36.30182,29.74425,0,-9.824621,48.89547,-32.52283,-11.57523,-67.68702,0,-9.824621,-21.10352,31.58619,10.75465,
0,0,0,0,9.441668,-46.87602,0,46.87602,-9.441668,0,3.072697,42.90578,0,10.54395,-80.29002,-5.575908,-74.03561,-46.77312,0,-42.90578,-3.072697,-5.575908,46.77312,74.03561,0,80.29002,-10.54395,0,0,0,3.072697,-30.3769,-65.26308,-42.90578,68.38563,-14.44138,9.441668,-30.3769,14.44138,10.54395,9.981963,-4.376908,46.77312,-60.1532,0,46.87602,68.38563,65.26308,-74.03561,-60.1532,0,80.29002,-73.28715,4.376908,0,0,0,42.90578,14.44138,-68.38563,-3.072697,65.26308,30.3769,-46.87602,-65.26308,-68.38563,-80.29002,-4.376908,73.28715,74.03561,0,60.1532,-9.441668,-14.44138,30.3769,-46.77312,0,60.1532,-10.54395,4.376908,-9.981963,
0,0,0,0,6.544071,-45.33827,0,45.33827,-6.544071,0,-34.63681,-26.14499,0,-32.75478,-47.36887,-96.39502,-26.14907,-22.49377,0,26.14499,34.63681,-96.39502,22.49377,26.14907,0,47.36887,32.75478,0,0,0,-34.63681,11.20642,-40.57515,26.14499,59.06207,-14.76871,6.544071,11.20642,14.76871,-32.75478,94.29012,-4.601605,22.49377,6.575382,0,45.33827,59.06207,40.57515,-26.14907,6.575382,0,47.36887,1.407058,4.601605,0,0,0,-26.14499,14.76871,-59.06207,34.63681,40.57515,-11.20642,-45.33827,-40.57515,-59.06207,-47.36887,-4.601605,-1.407058,26.14907,0,-6.575382,-6.544071,-14.76871,-11.20642,-22.49377,0,-6.575382,32.75478,4.601605,-94.29012,
0,0,0,0,-31.22641,-39.45235,0,39.45235,31.22641,0,17.53222,-17.94592,0,9.351617,-68.43855,-2.798355,-19.96249,-65.41116,0,17.94592,-17.53222,-2.798355,65.41116,19.96249,0,68.43855,-9.351617,0,0,0,17.53222,6.455344,-39.51094,17.94592,2.371586,-49.99478,-31.22641,6.455344,49.99478,9.351617,7.023862,53.34139,65.41116,-15.06628,0,39.45235,2.371586,39.51094,-19.96249,-15.06628,0,68.43855,23.48765,-53.34139,0,0,0,-17.94592,49.99478,-2.371586,-17.53222,39.51094,-6.455344,-39.45235,-39.51094,-2.371586,-68.43855,53.34139,-23.48765,19.96249,0,15.06628,31.22641,-49.99478,-6.455344,-65.41116,0,15.06628,-9.351617,-53.34139,-7.023862,
0,0,0,0,-31.22641,-39.45235,0,39.45235,31.22641,0,17.53222,-17.94592,0,9.351617,-68.43855,-2.798355,-19.96249,-65.41116,0,17.94592,-17.53222,-2.798355,65.41116,19.96249,0,68.43855,-9.351617,0,0,0,17.53222,6.455344,-39.51094,17.94592,2.371586,-49.99478,-31.22641,6.455344,49.99478,9.351617,7.023862,53.34139,65.41116,-15.06628,0,39.45235,2.371586,39.51094,-19.96249,-15.06628,0,68.43855,23.48765,-53.34139,0,0,0,-17.94592,49.99478,-2.371586,-17.53222,39.51094,-6.455344,-39.45235,-39.51094,-2.371586,-68.43855,53.34139,-23.48765,19.96249,0,15.06628,31.22641,-49.99478,-6.455344,-65.41116,0,15.06628,-9.351617,-53.34139,-7.023862,
0,0,0,0,-23.5306,-29.53257,0,29.53257,23.5306,0,15.87392,6.243462,0,4.570228,-41.43786,-45.33742,-18.77315,-57.09494,0,-6.243462,-15.87392,-45.33742,57.09494,18.77315,0,41.43786,-4.570228,0,0,0,15.87392,-48.41272,-58.00293,-6.243462,80.6988,-21.37089,-23.5306,-48.41272,21.37089,4.570228,-11.55935,-15.41341,57.09494,-6.466353,0,29.53257,80.6988,58.00293,-18.77315,-6.466353,0,41.43786,-20.06904,15.41341,0,0,0,6.243462,21.37089,-80.6988,-15.87392,58.00293,48.41272,-29.53257,-58.00293,-80.6988,-41.43786,-15.41341,20.06904,18.77315,0,6.466353,23.5306,-21.37089,48.41272,-57.09494,0,6.466353,-4.570228,15.41341,11.55935,
0,0,0,0,-49.48919,-7.771183,0,7.771183,49.48919,0,11.48178,-35.38915,0,-11.99831,-34.40524,-45.33742,-18.77315,-40.5606,0,35.38915,-11.48178,-45.33742,40.5606,18.77315,0,34.40524,11.99831,0,0,0,11.48178,-31.32652,-25.44353,35.38915,71.23936,-21.37089,-49.48919,-31.32652,21.37089,-11.99831,-11.55935,-15.41341,40.5606,73.77924,0,7.771183,71.23936,25.44353,-18.77315,73.77924,0,34.40524,3.155358,15.41341,0,0,0,-35.38915,21.37089,-71.23936,-11.48178,25.44353,31.32652,-7.771183,-25.44353,-71.23936,-34.40524,-15.41341,-3.155358,18.77315,0,-73.77924,49.48919,-21.37089,31.32652,-40.5606,0,-73.77924,11.99831,15.41341,11.55935,
0,0,0,0,-16.19206,-27.05566,0,27.05566,16.19206,0,33.11429,-23.83702,0,37.82615,-17.54946,-74.43298,-8.072746,-64.85731,0,23.83702,-33.11429,-74.43298,64.85731,8.072746,0,17.54946,-37.82615,0,0,0,33.11429,-39.41263,-11.13837,23.83702,90.84201,-18.57378,-16.19206,-39.41263,18.57378,37.82615,23.31295,-31.87349,64.85731,99.84258,0,27.05566,90.84201,11.13837,-8.072746,99.84258,0,17.54946,23.97565,31.87349,0,0,0,-23.83702,18.57378,-90.84201,-33.11429,11.13837,39.41263,-27.05566,-11.13837,-90.84201,-17.54946,-31.87349,-23.97565,8.072746,0,-99.84258,16.19206,-18.57378,39.41263,-64.85731,0,-99.84258,-37.82615,31.87349,-23.31295,
0,0,0,0,-11.52853,-40.02377,0,40.02377,11.52853,0,46.63576,21.02762,0,46.15146,-7.001937,-46.10207,-15.07006,-43.98158,0,-21.02762,-46.63576,-46.10207,43.98158,15.07006,0,7.001937,-46.15146,0,0,0,46.63576,2.324742,-54.85132,-21.02762,19.12054,-3.587908,-11.52853,2.324742,3.587908,46.15146,13.06253,73.15057,43.98158,7.939303,0,40.02377,19.12054,54.85132,-15.07006,7.939303,0,7.001937,-35.8278,-73.15057,0,0,0,21.02762,3.587908,-19.12054,-46.63576,54.85132,-2.324742,-40.02377,-54.85132,-19.12054,-7.001937,73.15057,35.8278,15.07006,0,-7.939303,11.52853,-3.587908,-2.324742,-43.98158,0,-7.939303,-46.15146,-73.15057,-13.06253,
0,0,0,0,37.81117,-32.3493,0,32.3493,-37.81117,0,-29.5959,21.67717,0,36.88163,-87.80605,-0.8830072,-66.92113,-58.71392,0,-21.67717,29.5959,-0.8830072,58.71392,66.92113,0,87.80605,-36.88163,0,0,0,-29.5959,-23.94514,-59.76179,-21.67717,46.5373,19.78924,37.81117,-23.94514,-19.78924,36.88163,32.5442,33.10779,58.71392,-49.13098,0,32.3493,46.5373,59.76179,-66.92113,-49.13098,0,87.80605,37.72049,-33.10779,0,0,0,21.67717,-19.78924,-46.5373,29.5959,59.76179,23.94514,-32.3493,-59.76179,-46.5373,-87.80605,33.10779,-37.72049,66.92113,0,49.13098,-37.81117,19.78924,23.94514,-58.71392,0,49.13098,-36.88163,-33.10779,-32.5442,
0,0,0,0,37.81117,-32.3493,0,32.3493,-37.81117,0,-29.5959,21.67717,0,36.88163,-87.80605,-0.8830072,-66.92113,-58.71392,0,-21.67717,29.5959,-0.8830072,58.71392,66.92113,0,87.80605,-36.88163,0,0,0,-29.5959,-23.94514,-59.76179,-21.67717,46.5373,19.78924,37.81117,-23.94514,-19.78924,36.88163,32.5442,33.10779,58.71392,-49.13098,0,32.3493,46.5373,59.76179,-66.92113,-49.13098,0,87.80605,37.72049,-33.10779,0,0,0,21.67717,-19.78924,-46.5373,29.5959,59.76179,23.94514,-32.3493,-59.76179,-46.5373,-87.80605,33.10779,-37.72049,66.92113,0,49.13098,-37.81117,19.78924,23.94514,-58.71392,0,49.13098,-36.88163,-33.10779,-32.5442,
0,0,0,0,-43.57394,-36.68559,0,36.68559,43.57394,0,38.74298,14.80413,0,-21.29582,-47.00473,-86.39723,-5.034221,-14.12248,0,-14.80413,-38.74298,-86.39723,14.12248,5.034221,0,47.00473,21.29582,0,0,0,38.74298,15.43167,-70.13657,-14.80413,34.00249,-21.60837,-43.57394,15.43167,21.60837,-21.29582,84.22466,-47.1261,14.12248,30.36837,0,36.68559,34.00249,70.13657,-5.034221,30.36837,0,47.00473,-34.1534,47.1261,0,0,0,14.80413,21.60837,-34.00249,-38.74298,70.13657,-15.43167,-36.68559,-70.13657,-34.00249,-47.00473,-47.1261,34.1534,5.034221,0,-30.36837,43.57394,-21.60837,-15.43167,-14.12248,0,-30.36837,21.29582,47.1261,-84.22466,
0,0,0,0,-29.11329,-13.25087,0,13.25087,29.11329,0,-40.48284,33.36923,0,-39.89624,-86.83887,-79.69847,-23.86432,-48.74593,0,-33.36923,40.48284,-79.69847,48.74593,23.86432,0,86.83887,39.89624,0,0,0,-40.48284,13.20243,-90.11269,-33.36923,63.80378,-24.81152,-29.11329,13.20243,24.81152,-39.89624,60.242,-9.895463,48.74593,67.78531,0,13.25087,63.80378,90.11269,-23.86432,67.78531,0,86.83887,-3.553705,9.895463,0,0,0,33.36923,24.81152,-63.80378,40.48284,90.11269,-13.20243,-13.25087,-90.11269,-63.80378,-86.83887,-9.895463,3.553705,23.86432,0,-67.78531,29.11329,-24.81152,-13.20243,-48.74593,0,-67.78531,39.89624,9.895463,-60.242,
0,0,0,0,-49.11182,-49.2132,0,49.2132,49.11182,0,48.18374,-22.05625,0,-42.31249,-72.71356,-99.60471,-75.84173,-83.97961,0,22.05625,-48.18374,-99.60471,83.97961,75.84173,0,72.71356,42.31249,0,0,0,48.18374,-45.07951,-41.02148,22.05625,30.65893,-17.44499,-49.11182,-45.07951,17.44499,-42.31249,58.67999,19.49438,83.97961,50.67288,0,49.2132,30.65893,41.02148,-75.84173,50.67288,0,72.71356,-74.0051,-19.49438,0,0,0,-22.05625,17.44499,-30.65893,-48.18374,41.02148,45.07951,-49.2132,-41.02148,-30.65893,-72.71356,19.49438,74.0051,75.84173,0,-50.67288,49.11182,-17.44499,45.07951,-83.97961,0,-50.67288,42.31249,-19.49438,-58.67999,
0,0,0,0,47.27335,-33.24201,0,33.24201,-47.27335,0,-45.09857,-14.44058,0,3.905493,-68.25459,-96.80322,-59.20546,-63.63721,0,14.44058,45.09857,-96.80322,63.63721,59.20546,0,68.25459,-3.905493,0,0,0,-45.09857,27.62636,-44.75552,14.44058,0.1606226,22.73092,47.27335,27.62636,-22.73092,3.905493,39.09763,48.33957,63.63721,-12.31543,0,33.24201,0.1606226,44.75552,-59.20546,-12.31543,0,68.25459,-9.04918,-48.33957,0,0,0,-14.44058,-22.73092,-0.1606226,45.09857,44.75552,-27.62636,-33.24201,-44.75552,-0.1606226,-68.25459,48.33957,9.04918,59.20546,0,12.31543,-47.27335,22.73092,-27.62636,-63.63721,0,12.31543,-3.905493,-48.33957,-39.09763,
