0,0,0,0,20,-40,0,40,-20,0,-30,-10,0,30,-100,-60,-60,-85,0,10,30,-60,85,60,0,100,-30,0,0,0,-30,-30,-40,10,40,-20,20,-30,20,30,120,20,85,-40,0,40,40,40,-60,-40,0,100,-40,-20,0,0,0,-10,20,-40,30,40,30,-40,-40,-40,-100,20,40,60,0,40,-20,-20,30,-85,0,40,-30,-20,-120,
0,0,0,0,46.10349,-21.97095,0,21.97095,-46.10349,0,-27.02028,-2.205533,0,41.03796,-90.44698,-27.28828,-5.534793,-19.82465,0,2.205533,27.02028,-27.28828,19.82465,5.534793,0,90.44698,-41.03796,0,0,0,-27.02028,40.43635,-27.23778,2.205533,9.68919,39.85195,46.10349,40.43635,-39.85195,41.03796,72.95071,-27.60649,19.82465,32.67109,0,21.97095,9.68919,27.23778,-5.534793,32.67109,0,90.44698,-49.15316,27.60649,0,0,0,-2.205533,-39.85195,-9.68919,27.02028,27.23778,-40.43635,-21.97095,-27.23778,-9.68919,-90.44698,-27.60649,49.15316,5.534793,0,-32.67109,-46.10349,39.85195,-40.43635,-19.82465,0,-32.67109,-41.03796,27.60649,-72.95071,
0,0,0,0,31.06487,-24.61306,0,24.61306,-31.06487,0,26.78786,-17.16147,0,-28.37236,-4.425288,-96.35156,-72.36855,-71.93959,0,17.16147,-26.78786,-96.35156,71.93959,72.36855,0,4.425288,28.37236,0,0,0,26.78786,21.13973,-48.44263,17.16147,89.34439,-24.06386,31.06487,21.13973,24.06386,-28.37236,37.91016,77.39059,71.93959,60.03188,0,24.61306,89.34439,48.44263,-72.36855,60.03188,0,4.425288,26.61716,-77.39059,0,0,0,-17.16147,24.06386,-89.34439,-26.78786,48.44263,-21.13973,-24.61306,-48.44263,-89.34439,-4.425288,77.39059,-26.61716,72.36855,0,-60.03188,-31.06487,-24.06386,-21.13973,-71.93959,0,-60.03188,28.37236,-77.39059,-37.91016,
0,0,0,0,45.43866,-12.76972,0,12.76972,-45.43866,0,41.89243,-37.5934,0,46.7094,-8.364345,-36.09696,-74.24006,-46.67202,0,37.5934,-41.89243,-36.09696,46.67202,74.24006,0,8.364345,-46.7094,0,0,0,41.89243,-28.26306,-90.6439,37.5934,29.54908,-18.34778,45.43866,-28.26306,18.34778,46.7094,50.4567,75.7055,46.67202,-74.63734,0,12.76972,29.54908,90.6439,-74.24006,-74.63734,0,8.364345,47.95609,-75.7055,0,0,0,-37.5934,18.34778,-29.54908,-41.89243,90.6439,28.26306,-12.76972,-90.6439,-29.54908,-8.364345,75.7055,-47.95609,74.24006,0,74.63734,-45.43866,-18.34778,28.26306,-46.67202,0,74.63734,-46.7094,-75.7055,-50.4567,
0,0,0,0,18.20481,-5.784089,0,5.784089,-18.20481,0,33.17287,-6.150275,0,-35.29436,-25.47378,-15.05265,-15.02388,-87.13188,0,6.150275,-33.17287,-15.05265,87.13188,15.02388,0,25.47378,35.29436,0,0,0,33.17287,45.31072,-62.15339,6.150275,67.97111,10.45083,18.20481,45.31072,-10.45083,-35.29436,53.28301,97.05508,87.13188,-89.10265,0,5.784089,67.97111,62.15339,-15.02388,-89.10265,0,25.47378,2.589859,-97.05508,0,0,0,-6.150275,-10.45083,-67.97111,-33.17287,62.15339,-45.31072,-5.784089,-62.15339,-67.97111,-25.47378,97.05508,-2.589859,15.02388,0,89.10265,-18.20481,10.45083,-45.31072,-87.13188,0,89.10265,35.29436,-97.05508,-53.28301,
0,0,0,0,17.94508,-31.86733,0,31.86733,-17.94508,0,-45.60595,-44.95796,0,-0.5630314,-74.79662,-21.92862,-97.40183,-50.21245,0,44.95796,45.60595,-21.92862,50.21245,97.40183,0,74.79662,0.5630314,0,0,0,-45.60595,28.61354,-58.64652,44.95796,28.76766,-22.61805,17.94508,28.61354,22.61805,-0.5630314,97.49146,-8.078678,50.21245,-92.95423,0,31.86733,28.76766,58.64652,-97.40183,-92.95423,0,74.79662,-88.65067,8.078678,0,0,0,-44.95796,22.61805,-28.76766,45.60595,58.64652,-28.61354,-31.86733,-58.64652,-28.76766,-74.79662,-8.078678,88.65067,97.40183,0,92.95423,-17.94508,-22.61805,-28.61354,-50.21245,0,92.95423,0.5630314,8.078678,-97.49146,
0,0,0,0,17.94508,-31.86733,0,31.86733,-17.94508,0,-45.60595,-44.95796,0,-0.5630314,-74.79662,-21.92862,-97.40183,-50.21245,0,44.95796,45.60595,-21.92862,50.21245,97.40183,0,74.79662,0.5630314,0,0,0,-45.60595,28.61354,-58.64652,44.95796,28.76766,-22.61805,17.94508,28.61354,22.61805,-0.5630314,97.49146,-8.078678,50.21245,-92.95423,0,31.86733,28.76766,58.64652,-97.40183,-92.95423,0,74.79662,-88.65067,8.078678,0,0,0,-44.95796,22.61805,-28.76766,45.60595,58.64652,-28.61354,-31.86733,-58.64652,-28.76766,-74.79662,-8.078678,88.65067,97.40183,0,92.95423,-17.94508,-22.61805,-28.61354,-50.21245,0,92.95423,0.5630314,8.078678,-97.49146,
0,0,0,0,-37.81593,-39.47604,0,39.47604,37.81593,0,37.65593,-35.31243,0,-3.152686,-43.95239,-72.3165,-49.32684,-75.74887,0,35.31243,-37.65593,-72.3165,75.74887,49.32684,0,43.95239,3.152686,0,0,0,37.65593,-8.279795,-2.992142,35.31243,49.62111,5.197877,-37.81593,-8.279795,-5.197877,-3.152686,88.61983,4.721271,75.74887,-28.49225,0,39.47604,49.62111,2.992142,-49.32684,-28.49225,0,43.95239,-8.374659,-4.721271,0,0,0,-35.31243,-5.197877,-49.62111,-37.65593,2.992142,8.279795,-39.47604,-2.992142,-49.62111,-43.95239,4.721271,8.374659,49.32684,0,28.49225,37.81593,5.197877,8.279795,-75.74887,0,28.49225,3.152686,-4.721271,-88.61983,
0,0,0,0,-9.967751,-26.95691,0,26.95691,9.967751,0,9.236341,-6.406659,0,-5.678624,-44.12366,-40.96249,-62.72723,-61.21163,0,6.406659,-9.236341,-40.96249,61.21163,62.72723,0,44.12366,5.678624,0,0,0,9.236341,16.89527,-21.71734,6.406659,35.96514,47.58072,-9.967751,16.89527,-47.58072,-5.678624,81.03589,-31.98038,61.21163,62.2158,0,26.95691,35.96514,21.71734,-62.72723,62.2158,0,44.12366,-54.1786,31.98038,0,0,0,-6.406659,-47.58072,-35.96514,-9.236341,21.71734,-16.89527,-26.95691,-21.71734,-35.96514,-44.12366,-31.98038,54.1786,62.72723,0,-62.2158,9.967751,47.58072,-16.89527,-61.21163,0,-62.2158,5.678624,31.98038,-81.03589,
0,0,0,0,-45.24067,-14.50337,0,14.50337,45.24067,0,-42.43335,-48.17255,0,-45.87227,-42.56454,-69.62907,-16.42612,-85.69081,0,48.17255,42.43335,-69.62907,85.69081,16.42612,0,42.56454,45.87227,0,0,0,-42.43335,13.99389,-68.45686,48.17255,12.13669,-33.4557,-45.24067,13.99389,33.4557,-45.87227,46.06717,-48.56403,85.69081,11.1066,0,14.50337,12.13669,68.45686,-16.42612,11.1066,0,42.56454,-4.432611,48.56403,0,0,0,-48.17255,33.4557,-12.13669,42.43335,68.45686,-13.99389,-14.50337,-68.45686,-12.13669,-42.56454,-48.56403,4.432611,16.42612,0,-11.1066,45.24067,-33.4557,-13.99389,-85.69081,0,-11.1066,45.87227,48.56403,-46.06717,
0,0,0,0,-8.779865,-37.40394,0,37.40394,8.779865,0,23.21381,-20.86664,0,30.12216,-8.894754,-32.48005,-32.0548,-99.88162,0,20.86664,-23.21381,-32.48005,99.88162,32.0548,0,8.894754,-30.12216,0,0,0,23.21381,-40.9847,-22.61291,20.86664,29.58185,5.986852,-8.779865,-40.9847,-5.986852,30.12216,91.87153,-7.099457,99.88162,-43.39832,0,37.40394,29.58185,22.61291,-32.0548,-43.39832,0,8.894754,-0.7619545,7.099457,0,0,0,-20.86664,-5.986852,-29.58185,-23.21381,22.61291,40.9847,-37.40394,-22.61291,-29.58185,-8.894754,-7.099457,0.7619545,32.0548,0,43.39832,8.779865,5.986852,40.9847,-99.88162,0,43.39832,-30.12216,7.099457,-91.87153,
0,0,0,0,-13.41588,-1.688618,0,1.688618,13.41588,0,48.17747,49.94162,0,41.74503,-60.53471,-63.18765,-54.21642,-3.308654,0,-49.94162,-48.17747,-63.18765,3.308654,54.21642,0,60.53471,-41.74503,0,0,0,48.17747,37.44957,-64.13246,-49.94162,50.97041,-23.43153,-13.41588,37.44957,23.43153,41.74503,71.71055,27.25412,3.308654,79.98192,0,1.688618,50.97041,64.13246,-54.21642,79.98192,0,60.53471,38.46913,-27.25412,0,0,0,49.94162,23.43153,-50.97041,-48.17747,64.13246,-37.44957,-1.688618,-64.13246,-50.97041,-60.53471,27.25412,-38.46913,54.21642,0,-79.98192,13.41588,-23.43153,-37.44957,-3.308654,0,-79.98192,-41.74503,-27.25412,-71.71055,
0,0,0,0,36.65055,-4.30218,0,4.30218,-36.65055,0,10.87777,-9.833139,0,-0.8887351,-69.78008,-56.444,-96.92484,-88.69491,0,9.833139,-10.87777,-56.444,88.69491,96.92484,0,69.78008,0.8887351,0,0,0,10.87777,37.19835,-58.03225,9.833139,94.11222,-6.453532,36.65055,37.19835,6.453532,-0.8887351,86.55695,-34.56532,88.69491,-68.98618,0,4.30218,94.11222,58.03225,-96.92484,-68.98618,0,69.78008,-3.988992,34.56532,0,0,0,-9.833139,6.453532,-94.11222,-10.87777,58.03225,-37.19835,-4.30218,-58.03225,-94.11222,-69.78008,-34.56532,3.988992,96.92484,0,68.98618,-36.65055,-6.453532,-37.19835,-88.69491,0,68.98618,0.8887351,34.56532,-86.55695,
0,0,0,0,-18.18902,-40.62783,0,40.62783,18.18902,0,-46.70153,-46.50326,0,-7.581669,-34.04637,-40.85241,-99.9944,-57.50852,0,46.50326,46.70153,-40.85241,57.50852,99.9944,0,34.04637,7.581669,0,0,0,-46.70153,35.61976,-4.589582,46.50326,36.61224,-5.710954,-18.18902,35.61976,5.710954,-7.581669,81.71189,92.75076,57.50852,-27.00745,0,40.62783,36.61224,4.589582,-99.9944,-27.00745,0,34.04637,26.24181,-92.75076,0,0,0,-46.50326,5.710954,-36.61224,46.70153,4.589582,-35.61976,-40.62783,-4.589582,-36.61224,-34.04637,92.75076,-26.24181,99.9944,0,27.00745,18.18902,-5.710954,-35.61976,-57.50852,0,27.00745,7.581669,-92.75076,-81.71189,
0,0,0,0,-18.18902,-40.62783,0,40.62783,18.18902,0,-46.70153,-46.50326,0,-7.581669,-34.04637,-40.85241,-99.9944,-57.50852,0,46.50326,46.70153,-40.85241,57.50852,99.9944,0,34.04637,7.581669,0,0,0,-46.70153,35.61976,-4.589582,46.50326,36.61224,-5.710954,-18.18902,35.61976,5.710954,-7.581669,81.71189,92.75076,57.50852,-27.00745,0,40.62783,36.61224,4.589582,-99.9944,-27.00745,0,34.04637,26.24181,-92.75076,0,0,0,-46.50326,5.710954,-36.61224,46.70153,4.589582,-35.61976,-40.62783,-4.589582,-36.61224,-34.04637,92.75076,-26.24181,99.9944,0,27.00745,18.18902,-5.710954,-35.61976,-57.50852,0,27.00745,7.581669,-92.75076,-81.71189,
0,0,0,0,46.27559,-38.0789,0,38.0789,-46.27559,0,20.30992,11.95192,0,0.3228247,-14.06289,-80.1428,-53.84914,-16.68688,0,-11.95192,-20.30992,-80.1428,16.68688,53.84914,0,14.06289,-0.3228247,0,0,0,20.30992,41.36451,-20.29663,-11.95192,76.24435,43.72488,46.27559,41.36451,-43.72488,0.3228247,82.18115,82.0778,16.68688,-70.67976,0,38.0789,76.24435,20.29663,-53.84914,-70.67976,0,14.06289,48.70394,-82.0778,0,0,0,11.95192,-43.72488,-76.24435,-20.30992,20.29663,-41.36451,-38.0789,-20.29663,-76.24435,-14.06289,82.0778,-48.70394,53.84914,0,70.67976,-46.27559,43.72488,-41.36451,-16.68688,0,70.67976,-0.3228247,-82.0778,-82.18115,
0,0,0,0,-34.02806,-36.75533,0,36.75533,34.02806,0,20.02648,-22.91338,0,38.96067,-46.07117,-74.2052,-18.7913,-85.02623,0,22.91338,-20.02648,-74.2052,85.02623,18.7913,0,46.07117,-38.96067,0,0,0,20.02648,15.36346,-12.21506,22.91338,44.23128,27.85056,-34.02806,15.36346,-27.85056,38.96067,75.14217,-5.324908,85.02623,-43.64635,0,36.75533,44.23128,12.21506,-18.7913,-43.64635,0,46.07117,-43.58366,5.324908,0,0,0,-22.91338,-27.85056,-44.23128,-20.02648,12.21506,-15.36346,-36.75533,-12.21506,-44.23128,-46.07117,-5.324908,43.58366,18.7913,0,43.64635,34.02806,27.85056,-15.36346,-85.02623,0,43.64635,-38.96067,5.324908,-75.14217,
0,0,0,0,40.70371,-32.74068,0,32.74068,-40.70371,0,-26.37523,-40.2468,0,-7.635647,-77.81321,-11.19746,-84.79515,-52.88663,0,40.2468,26.37523,-11.19746,52.88663,84.79515,0,77.81321,7.635647,0,0,0,-26.37523,1.908058,-71.68855,40.2468,52.23932,37.73556,40.70371,1.908058,-37.73556,-7.635647,55.35745,49.57436,52.88663,-53.61264,0,32.74068,52.23932,71.68855,-84.79515,-53.61264,0,77.81321,-21.54325,-49.57436,0,0,0,-40.2468,-37.73556,-52.23932,26.37523,71.68855,-1.908058,-32.74068,-71.68855,-52.23932,-77.81321,49.57436,21.54325,84.79515,0,53.61264,-40.70371,37.73556,-1.908058,-52.88663,0,53.61264,7.635647,-49.57436,-55.35745,
0,0,0,0,-38.4997,-47.59349,0,47.59349,38.4997,0,-2.650946,-20.07598,0,12.47388,-33.33059,-93.16724,-46.06524,-53.90165,0,20.07598,2.650946,-93.16724,53.90165,46.06524,0,33.33059,-12.47388,0,0,0,-2.650946,47.79574,-97.27232,20.07598,33.84316,-37.08994,-38.4997,47.79574,37.08994,12.47388,48.35157,-28.58501,53.90165,-25.4552,0,47.59349,33.84316,97.27232,-46.06524,-25.4552,0,33.33059,4.922076,28.58501,0,0,0,-20.07598,37.08994,-33.84316,2.650946,97.27232,-47.79574,-47.59349,-97.27232,-33.84316,-33.33059,-28.58501,-4.922076,46.06524,0,25.4552,38.4997,-37.08994,-47.79574,-53.90165,0,25.4552,-12.47388,28.58501,-48.35157,
0,0,0,0,-26.16675,-15.03259,0,15.03259,26.16675,0,-30.45549,-27.17429,0,-40.4642,-24.3352,-82.46443,-25.48803,-71.92213,0,27.17429,30.45549,-82.46443,71.92213,25.48803,0,24.3352,40.4642,0,0,0,-30.45549,-47.51348,-41.39461,27.17429,20.17769,-11.52306,-26.16675,-47.51348,11.52306,-40.4642,-38.74253,26.19096,71.92213,-36.22335,0,15.03259,20.17769,41.39461,-25.48803,-36.22335,0,24.3352,14.75378,-26.19096,0,0,0,-27.17429,11.52306,-20.17769,30.45549,41.39461,47.51348,-15.03259,-41.39461,-20.17769,-24.3352,26.19096,-14.75378,25.48803,0,36.22335,26.16675,-11.52306,47.51348,-71.92213,0,36.22335,40.4642,-26.19096,38.74253,
0,0,0,0,21.5671,-8.695204,0,8.695204,-21.5671,0,22.08464,-5.186862,0,-48.37745,-32.40517,-18.93657,-15.50604,-87.65826,0,5.186862,-22.08464,-18.93657,87.65826,15.50604,0,32.40517,48.37745,0,0,0,22.08464,9.910542,-1.6271,5.186862,60.96968,-8.491844,21.5671,9.910542,8.491844,-48.37745,80.95156,75.21037,87.65826,-52.19183,0,8.695204,60.96968,1.6271,-15.50604,-52.19183,0,32.40517,-90.45648,-75.21037,0,0,0,-5.186862,8.491844,-60.96968,-22.08464,1.6271,-9.910542,-8.695204,-1.6271,-60.96968,-32.40517,75.21037,90.45648,15.50604,0,52.19183,-21.5671,-8.491844,-9.910542,-87.65826,0,52.19183,48.37745,-75.21037,-80.95156,
0,0,0,0,16.72835,-48.41444,0,48.41444,-16.72835,0,-28.82401,-33.75564,0,-32.29689,-36.37976,-62.4614,-7.307721,-73.54958,0,33.75564,28.82401,-62.4614,73.54958,7.307721,0,36.37976,32.29689,0,0,0,-28.82401,-24.71899,-14.21405,33.75564,29.61622,-11.94323,16.72835,-24.71899,11.94323,-32.29689,39.10804,72.612,73.54958,22.38368,0,48.41444,29.61622,14.21405,-7.307721,22.38368,0,36.37976,17.21069,-72.612,0,0,0,-33.75564,11.94323,-29.61622,28.82401,14.21405,24.71899,-48.41444,-14.21405,-29.61622,-36.37976,72.612,-17.21069,7.307721,0,-22.38368,-16.72835,-11.94323,24.71899,-73.54958,0,-22.38368,32.29689,-72.612,-39.10804,
0,0,0,0,36.20204,-5.807317,0,5.807317,-36.20204,0,-47.9568,-24.60018,0,22.17441,-12.10739,-51.56305,-62.7489,-96.78844,0,24.60018,47.9568,-51.56305,96.78844,62.7489,0,12.10739,-22.17441,0,0,0,-47.9568,-43.62726,-17.60866,24.60018,73.39983,45.7963,36.20204,-43.62726,-45.7963,22.17441,46.47889,79.39305,96.78844,3.750193,0,5.807317,73.39983,17.60866,-62.7489,3.750193,0,12.10739,-12.40954,-79.39305,0,0,0,-24.60018,-45.7963,-73.39983,47.9568,17.60866,43.62726,-5.807317,-17.60866,-73.39983,-12.10739,79.39305,12.40954,62.7489,0,-3.750193,-36.20204,45.7963,43.62726,-96.78844,0,-3.750193,-22.17441,-79.39305,-46.47889,
0,0,0,0,-49.54856,-49.28359,0,49.28359,49.54856,0,3.292185,-4.848451,0,11.98307,-3.451336,-34.49568,-83.94556,-38.53671,0,4.848451,-3.292185,-34.49568,38.53671,83.94556,0,3.451336,-11.98307,0,0,0,3.292185,-8.704501,-23.11517,4.848451,6.7868,39.66364,-49.54856,-8.704501,-39.66364,11.98307,-7.27668,53.40067,38.53671,45.85747,0,49.28359,6.7868,23.11517,-83.94556,45.85747,0,3.451336,-57.40608,-53.40067,0,0,0,-4.848451,-39.66364,-6.7868,-3.292185,23.11517,8.704501,-49.28359,-23.11517,-6.7868,-3.451336,53.40067,57.40608,83.94556,0,-45.85747,49.54856,39.66364,8.704501,-38.53671,0,-45.85747,-11.98307,-53.40067,7.27668,
0,0,0,0,4.480428,-30.39426,0,30.39426,-4.480428,0,7.484621,-28.65089,0,-28.9141,-53.91797,-18.72812,-2.356983,-32.4386,0,28.65089,-7.484621,-18.72812,32.4386,2.356983,0,53.91797,28.9141,0,0,0,7.484621,-36.5055,-68.96654,28.65089,62.41246,-33.86859,4.480428,-36.5055,33.86859,-28.9141,57.47897,-39.06442,32.4386,-18.81627,0,30.39426,62.41246,68.96654,-2.356983,-18.81627,0,53.91797,42.00961,39.06442,0,0,0,-28.65089,33.86859,-62.41246,-7.484621,68.96654,36.5055,-30.39426,-68.96654,-62.41246,-53.91797,-39.06442,-42.00961,2.356983,0,18.81627,-4.480428,-33.86859,36.5055,-32.4386,0,18.81627,28.9141,39.06442,-57.47897,
0,0,0,0,4.480428,-30.39426,0,30.39426,-4.480428,0,7.484621,-28.65089,0,-28.9141,-53.91797,-18.72812,-2.356983,-32.4386,0,28.65089,-7.484621,-18.72812,32.4386,2.356983,0,53.91797,28.9141,0,0,0,7.484621,-36.5055,-68.96654,28.65089,62.41246,-33.86859,4.480428,-36.5055,33.86859,-28.9141,57.47897,-39.06442,32.4386,-18.81627,0,30.39426,62.41246,68.96654,-2.356983,-18.81627,0,53.91797,42.00961,39.06442,0,0,0,-28.65089,33.86859,-62.41246,-7.484621,68.96654,36.5055,-30.39426,-68.96654,-62.41246,-53.91797,-39.06442,-42.00961,2.356983,0,18.81627,-4.480428,-33.86859,36.5055,-32.4386,0,18.81627,28.9141,39.06442,-57.47897,
0,0,0,0,35.98582,-0.7331432,0,0.7331432,-35.98582,0,-9.610182,16.53399,0,37.02729,-56.39915,-56.97631,-75.69964,-37.04548,0,-16.53399,9.610182,-56.97631,37.04548,75.69964,0,56.39915,-37.02729,0,0,0,-9.610182,34.87823,-38.72917,-16.53399,95.59934,17.1182,35.98582,34.87823,-17.1182,37.02729,99.72756,0.1688465,37.04548,-17.23064,0,0.7331432,95.59934,38.72917,-75.69964,-17.23064,0,56.39915,6.621112,-0.1688465,0,0,0,16.53399,-17.1182,-95.59934,9.610182,38.72917,-34.87823,-0.7331432,-38.72917,-95.59934,-56.39915,0.1688465,-6.621112,75.69964,0,17.23064,-35.98582,17.1182,-34.87823,-37.04548,0,17.23064,-37.02729,-0.1688465,-99.72756,
0,0,0,0,-7.03395,-26.63395,0,26.63395,7.03395,0,-48.68994,-0.8942664,0,-24.06089,-9.186829,-74.83734,-30.16611,-50.76782,0,0.8942664,48.68994,-74.83734,50.76782,30.16611,0,9.186829,24.06089,0,0,0,-48.68994,19.78024,-48.60218,0.8942664,56.53142,14.1731,-7.03395,19.78024,-14.1731,-24.06089,-41.86012,41.25319,50.76782,-22.49235,0,26.63395,56.53142,48.60218,-30.16611,-22.49235,0,9.186829,-11.51526,-41.25319,0,0,0,-0.8942664,-14.1731,-56.53142,48.68994,48.60218,-19.78024,-26.63395,-48.60218,-56.53142,-9.186829,41.25319,11.51526,30.16611,0,22.49235,7.03395,14.1731,-19.78024,-50.76782,0,22.49235,24.06089,-41.25319,41.86012,
0,0,0,0,43.69275,-28.72081,0,28.72081,-43.69275,0,-20.07063,-36.16917,0,-48.49469,-98.45687,-77.6116,-58.4416,-28.97169,0,36.16917,20.07063,-77.6116,28.97169,58.4416,0,98.45687,48.49469,0,0,0,-20.07063,-37.07739,-62.61351,36.16917,46.83834,23.26725,43.69275,-37.07739,-23.26725,-48.49469,20.24562,86.19145,28.97169,15.45967,0,28.72081,46.83834,62.61351,-58.4416,15.45967,0,98.45687,-15.97169,-86.19145,0,0,0,-36.16917,-23.26725,-46.83834,20.07063,62.61351,37.07739,-28.72081,-62.61351,-46.83834,-98.45687,86.19145,15.97169,58.4416,0,-15.45967,-43.69275,23.26725,37.07739,-28.97169,0,-15.45967,48.49469,-86.19145,-20.24562,
0,0,0,0,42.60463,-44.48025,0,44.48025,-42.60463,0,44.916,29.49198,0,-21.80217,-38.21852,-23.59844,-91.00986,-48.20554,0,-29.49198,-44.916,-23.59844,48.20554,91.00986,0,38.21852,21.80217,0,0,0,44.916,49.06482,-82.51165,-29.49198,64.94978,-30.03601,42.60463,49.06482,30.03601,-21.80217,-10.49336,-20.5607,48.20554,-14.16379,0,44.48025,64.94978,82.51165,-91.00986,-14.16379,0,38.21852,37.61236,20.5607,0,0,0,29.49198,30.03601,-64.94978,-44.916,82.51165,-49.06482,-44.48025,-82.51165,-64.94978,-38.21852,-20.5607,-37.61236,91.00986,0,14.16379,-42.60463,-30.03601,-49.06482,-48.20554,0,14.16379,21.80217,20.5607,10.49336,
0,0,0,0,-3.100663,-49.41518,0,49.41518,3.100663,0,33.97282,-9.113282,0,-41.99644,-1.12102,-47.99416,-70.30276,-99.02142,0,9.113282,-33.97282,-47.99416,99.02142,70.30276,0,1.12102,41.99644,0,0,0,33.97282,21.65352,-78.47974,9.113282,43.00662,17.76324,-3.100663,21.65352,-17.76324,-41.99644,99.52702,67.00566,99.02142,73.88348,0,49.41518,43.00662,78.47974,-70.30276,73.88348,0,1.12102,0.9019628,-67.00566,0,0,0,-9.113282,-17.76324,-43.00662,-33.97282,78.47974,-21.65352,-49.41518,-78.47974,-43.00662,-1.12102,67.00566,-0.9019628,70.30276,0,-73.88348,3.100663,17.76324,-21.65352,-99.02142,0,-73.88348,41.99644,-67.00566,-99.52702,
0,0,0,0,19.7431,-26.79645,0,26.79645,-19.7431,0,28.83755,-44.13769,0,32.32104,-93.26346,-49.05314,-0.2654195,-4.295028,0,44.13769,-28.83755,-49.05314,4.295028,0.2654195,0,93.26346,-32.32104,0,0,0,28.83755,-29.06082,-24.65872,44.13769,17.11903,31.49992,19.7431,-29.06082,-31.49992,32.32104,41.01762,-43.80485,4.295028,20.75325,0,26.79645,17.11903,24.65872,-0.2654195,20.75325,0,93.26346,-92.97258,43.80485,0,0,0,-44.13769,-31.49992,-17.11903,-28.83755,24.65872,29.06082,-26.79645,-24.65872,-17.11903,-93.26346,-43.80485,92.97258,0.2654195,0,-20.75325,-19.7431,31.49992,29.06082,-4.295028,0,-20.75325,-32.32104,43.80485,-41.01762,
0,0,0,0,1.976997,-49.16404,0,49.16404,-1.976997,0,-13.23941,11.78742,0,40.30212,-59.14985,-17.04743,-58.04369,-14.7485,0,-11.78742,13.23941,-17.04743,14.7485,58.04369,0,59.14985,-40.30212,0,0,0,-13.23941,21.53522,-54.41926,-11.78742,91.21405,45.29991,1.976997,21.53522,-45.29991,40.30212,89.12881,78.32779,14.7485,-43.80919,0,49.16404,91.21405,54.41926,-58.04369,-43.80919,0,59.14985,-44.49173,-78.32779,0,0,0,11.78742,-45.29991,-91.21405,13.23941,54.41926,-21.53522,-49.16404,-54.41926,-91.21405,-59.14985,78.32779,44.49173,58.04369,0,43.80919,-1.976997,45.29991,-21.53522,-14.7485,0,43.80919,-40.30212,-78.32779,-89.12881,
0,0,0,0,-11.52654,-29.57359,0,29.57359,11.52654,0,-31.05382,-45.9085,0,29.39423,-33.74026,-67.78378,-99.71551,-97.25554,0,45.9085,31.05382,-67.78378,97.25554,99.71551,0,33.74026,-29.39423,0,0,0,-31.05382,13.54407,-10.24898,45.9085,62.01702,43.77325,-11.52654,13.54407,-43.77325,29.39423,18.25372,19.4426,97.25554,16.66723,0,29.57359,62.01702,10.24898,-99.71551,16.66723,0,33.74026,-5.745677,-19.4426,0,0,0,-45.9085,-43.77325,-62.01702,31.05382,10.24898,-13.54407,-29.57359,-10.24898,-62.01702,-33.74026,19.4426,5.745677,99.71551,0,-16.66723,11.52654,43.77325,-13.54407,-97.25554,0,-16.66723,-29.39423,-19.4426,-18.25372,
0,0,0,0,46.76449,-5.451734,0,5.451734,-46.76449,0,48.33747,-47.22078,0,-5.237561,-50.73525,-82.48998,-88.13286,-40.61118,0,47.22078,-48.33747,-82.48998,40.61118,88.13286,0,50.73525,5.237561,0,0,0,48.33747,-4.660827,-50.71258,47.22078,65.86116,26.5401,46.76449,-4.660827,-26.5401,-5.237561,94.66505,64.59793,40.61118,15.55876,0,5.451734,65.86116,50.71258,-88.13286,15.55876,0,50.73525,35.9218,-64.59793,0,0,0,-47.22078,-26.5401,-65.86116,-48.33747,50.71258,4.660827,-5.451734,-50.71258,-65.86116,-50.73525,64.59793,-35.9218,88.13286,0,-15.55876,-46.76449,26.5401,4.660827,-40.61118,0,-15.55876,5.237561,-64.59793,-94.66505,
0,0,0,0,47.53412,-4.905261,0,4.905261,-47.53412,0,-28.80121,48.39617,0,-39.71507,-52.7375,-31.47461,-28.22628,-61.31924,0,-48.39617,28.80121,-31.47461,61.31924,28.22628,0,52.7375,39.71507,0,0,0,-28.80121,-8.471256,-26.2304,-48.39617,62.88422,-43.04852,47.53412,-8.471256,43.04852,-39.71507,52.72525,87.42446,61.31924,55.96325,0,4.905261,62.88422,26.2304,-28.22628,55.96325,0,52.7375,16.52603,-87.42446,0,0,0,48.39617,43.04852,-62.88422,28.80121,26.2304,8.471256,-4.905261,-26.2304,-62.88422,-52.7375,87.42446,-16.52603,28.22628,0,-55.96325,-47.53412,-43.04852,8.471256,-61.31924,0,-55.96325,39.71507,-87.42446,-52.72525,
0,0,0,0,-30.13849,-18.92685,0,18.92685,30.13849,0,-45.53012,-40.5399,0,35.54994,-87.89397,-88.31499,-51.28657,-81.78355,0,40.5399,45.53012,-88.31499,81.78355,51.28657,0,87.89397,-35.54994,0,0,0,-45.53012,-17.46556,-20.07667,40.5399,41.43366,-15.96095,-30.13849,-17.46556,15.96095,35.54994,15.37506,-33.75953,81.78355,36.24653,0,18.92685,41.43366,20.07667,-51.28657,36.24653,0,87.89397,2.157755,33.75953,0,0,0,-40.5399,15.96095,-41.43366,45.53012,20.07667,17.46556,-18.92685,-20.07667,-41.43366,-87.89397,-33.75953,-2.157755,51.28657,0,-36.24653,30.13849,-15.96095,17.46556,-81.78355,0,-36.24653,-35.54994,33.75953,-15.37506,
0,0,0,0,13.90651,-25.52001,0,25.52001,-13.90651,0,-34.48961,2.358359,0,-28.81281,-99.48586,-75.84167,-77.1433,-27.90402,0,-2.358359,34.48961,-75.84167,27.90402,77.1433,0,99.48586,28.81281,0,0,0,-34.48961,-37.45289,-31.7425,-2.358359,5.86604,22.78472,13.90651,-37.45289,-22.78472,-28.81281,-1.322372,97.64471,27.90402,-37.7241,0,25.52001,5.86604,31.7425,-77.1433,-37.7241,0,99.48586,-5.512415,-97.64471,0,0,0,2.358359,-22.78472,-5.86604,34.48961,31.7425,37.45289,-25.52001,-31.7425,-5.86604,-99.48586,97.64471,5.512415,77.1433,0,37.7241,-13.90651,22.78472,37.45289,-27.90402,0,37.7241,28.81281,-97.64471,1.322372,
0,0,0,0,-8.15534,-7.585038,0,7.585038,8.15534,0,-4.563755,-19.55332,0,30.3974,-54.8658,-83.15009,-0.1194716,-56.97054,0,19.55332,4.563755,-83.15009,56.97054,0.1194716,0,54.8658,-30.3974,0,0,0,-4.563755,-27.42494,-55.53053,19.55332,72.95,33.08462,-8.15534,-27.42494,-33.08462,30.3974,-1.885422,-6.083079,56.97054,-83.52957,0,7.585038,72.95,55.53053,-0.1194716,-83.52957,0,54.8658,-92.68238,6.083079,0,0,0,-19.55332,-33.08462,-72.95,4.563755,55.53053,27.42494,-7.585038,-55.53053,-72.95,-54.8658,-6.083079,92.68238,0.1194716,0,83.52957,8.15534,33.08462,27.42494,-56.97054,0,83.52957,-30.3974,6.083079,1.885422,
0,0,0,0,-8.15534,-7.585038,0,7.585038,8.15534,0,-4.563755,-19.55332,0,30.3974,-54.8658,-83.15009,-0.1194716,-56.97054,0,19.55332,4.563755,-83.15009,56.97054,0.1194716,0,54.8658,-30.3974,0,0,0,-4.563755,-27.42494,-55.53053,19.55332,72.95,33.08462,-8.15534,-27.42494,-33.08462,30.3974,-1.885422,-6.083079,56.97054,-83.52957,0,7.585038,72.95,55.53053,-0.1194716,-83.52957,0,54.8658,-92.68238,6.083079,0,0,0,-19.55332,-33.08462,-72.95,4.563755,55.53053,27.42494,-7.585038,-55.53053,-72.95,-54.8658,-6.083079,92.68238,0.1194716,0,83.52957,8.15534,33.08462,27.42494,-56.97054,0,83.52957,-30.3974,6.083079,1.885422,
0,0,0,0,-32.28728,-14.80341,0,14.80341,32.28728,0,21.15134,-44.10765,0,-16.66331,-9.66319,-22.72034,-54.30171,-35.76042,0,44.10765,-21.15134,-22.72034,35.76042,54.30171,0,9.66319,16.66331,0,0,0,21.15134,-17.72087,-20.5554,44.10765,58.36116,31.50103,-32.28728,-17.72087,-31.50103,-16.66331,43.14328,-47.08691,35.76042,21.56926,0,14.80341,58.36116,20.5554,-54.30171,21.56926,0,9.66319,-85.65213,47.08691,0,0,0,-44.10765,-31.50103,-58.36116,-21.15134,20.5554,17.72087,-14.80341,-20.5554,-58.36116,-9.66319,-47.08691,85.65213,54.30171,0,-21.56926,32.28728,31.50103,17.72087,-35.76042,0,-21.56926,16.66331,47.08691,-43.14328,
0,0,0,0,43.6118,-29.40044,0,29.40044,-43.6118,0,6.393748,-30.91521,0,48.82111,-36.23462,-92.81379,-79.28613,-62.74056,0,30.91521,-6.393748,-92.81379,62.74056,79.28613,0,36.23462,-48.82111,0,0,0,6.393748,42.59347,-64.84283,30.91521,8.809663,17.38389,43.6118,42.59347,-17.38389,48.82111,22.14483,73.21852,62.74056,51.94139,0,29.40044,8.809663,64.84283,-79.28613,51.94139,0,36.23462,33.43732,-73.21852,0,0,0,-30.91521,-17.38389,-8.809663,-6.393748,64.84283,-42.59347,-29.40044,-64.84283,-8.809663,-36.23462,73.21852,-33.43732,79.28613,0,-51.94139,-43.6118,17.38389,-42.59347,-62.74056,0,-51.94139,-48.82111,-73.21852,-22.14483,
0,0,0,0,-47.84722,-47.23197,0,47.23197,47.84722,0,31.95537,-26.52979,0,-7.913584,-16.98978,-52.57125,-14.21617,-34.85769,0,26.52979,-31.95537,-52.57125,34.85769,14.21617,0,16.98978,7.913584,0,0,0,31.95537,2.854067,-13.13332,26.52979,57.62123,9.484428,-47.84722,2.854067,-9.484428,-7.913584,7.134816,-14.84301,34.85769,-40.11081,0,47.23197,57.62123,13.13332,-14.21617,-40.11081,0,16.98978,-17.1084,14.84301,0,0,0,-26.52979,-9.484428,-57.62123,-31.95537,13.13332,-2.854067,-47.23197,-13.13332,-57.62123,-16.98978,-14.84301,17.1084,14.21617,0,40.11081,47.84722,9.484428,-2.854067,-34.85769,0,40.11081,7.913584,14.84301,-7.134816,
0,0,0,0,-0.7996738,-12.14096,0,12.14096,0.7996738,0,18.19578,-26.95379,0,-11.68819,-90.98782,-99.4541,-77.76561,-53.87714,0,26.95379,-18.19578,-99.4541,53.87714,77.76561,0,90.98782,11.68819,0,0,0,18.19578,-14.69778,-69.91262,26.95379,47.91893,-9.152502,-0.7996738,-14.69778,9.152502,-11.68819,43.2231,57.57283,53.87714,-91.64655,0,12.14096,47.91893,69.91262,-77.76561,-91.64655,0,90.98782,-66.88841,-57.57283,0,0,0,-26.95379,9.152502,-47.91893,-18.19578,69.91262,14.69778,-12.14096,-69.91262,-47.91893,-90.98782,57.57283,66.88841,77.76561,0,91.64655,0.7996738,-9.152502,14.69778,-53.87714,0,91.64655,11.68819,-57.57283,-43.2231,
0,0,0,0,-29.43959,-7.176555,0,7.176555,29.43959,0,27.99648,-33.57358,0,4.047113,-21.76559,-70.87317,-84.12654,-99.97281,0,33.57358,-27.99648,-70.87317,99.97281,84.12654,0,21.76559,-4.047113,0,0,0,27.99648,-5.70969,-55.09148,33.57358,16.98165,-49.18744,-29.43959,-5.70969,49.18744,4.047113,8.147099,54.4586,99.97281,68.50104,0,7.176555,16.98165,55.09148,-84.12654,68.50104,0,21.76559,-47.33932,-54.4586,0,0,0,-33.57358,49.18744,-16.98165,-27.99648,55.09148,5.70969,-7.176555,-55.09148,-16.98165,-21.76559,54.4586,47.33932,84.12654,0,-68.50104,29.43959,-49.18744,5.70969,-99.97281,0,-68.50104,-4.047113,-54.4586,-8.147099,
0,0,0,0,24.85897,-28.33667,0,28.33667,-24.85897,0,-15.75756,2.437001,0,-30.92146,-56.20124,-10.56712,-14.39846,-17.19592,0,-2.437001,15.75756,-10.56712,17.19592,14.39846,0,56.20124,30.92146,0,0,0,-15.75756,-13.33684,-88.93939,-2.437001,63.61576,-26.2871,24.85897,-13.33684,26.2871,-30.92146,-46.69933,52.64429,17.19592,92.10648,0,28.33667,63.61576,88.93939,-14.39846,92.10648,0,56.20124,-25.71104,-52.64429,0,0,0,2.437001,26.2871,-63.61576,15.75756,88.93939,13.33684,-28.33667,-88.93939,-63.61576,-56.20124,52.64429,25.71104,14.39846,0,-92.10648,-24.85897,-26.2871,13.33684,-17.19592,0,-92.10648,30.92146,-52.64429,46.69933,
0,0,0,0,-5.103522,-6.87647,0,6.87647,5.103522,0,31.00983,-1.173955,0,-33.16815,-3.95608,-88.76716,-51.45795,-76.64195,0,1.173955,-31.00983,-88.76716,76.64195,51.45795,0,3.95608,33.16815,0,0,0,31.00983,37.49938,-40.38943,1.173955,57.29564,1.806575,-5.103522,37.49938,-1.806575,-33.16815,80.44884,99.7449,76.64195,21.20975,0,6.87647,57.29564,40.38943,-51.45795,21.20975,0,3.95608,-53.11158,-99.7449,0,0,0,-1.173955,-1.806575,-57.29564,-31.00983,40.38943,-37.49938,-6.87647,-40.38943,-57.29564,-3.95608,99.7449,53.11158,51.45795,0,-21.20975,5.103522,1.806575,-37.49938,-76.64195,0,-21.20975,33.16815,-99.7449,-80.44884,
0,0,0,0,-5.103522,-6.87647,0,6.87647,5.103522,0,31.00983,-1.173955,0,-33.16815,-3.95608,-88.76716,-51.45795,-76.64195,0,1.173955,-31.00983,-88.76716,76.64195,51.45795,0,3.95608,33.16815,0,0,0,31.00983,37.49938,-40.38943,1.173955,57.29564,1.806575,-5.103522,37.49938,-1.806575,-33.16815,80.44884,99.7449,76.64195,21.20975,0,6.87647,57.29564,40.38943,-51.45795,21.20975,0,3.95608,-53.11158,-99.7449,0,0,0,-1.173955,-1.806575,-57.29564,-31.00983,40.38943,-37.49938,-6.87647,-40.38943,-57.29564,-3.95608,99.7449,53.11158,51.45795,0,-21.20975,5.103522,1.806575,-37.49938,-76.64195,0,-21.20975,33.16815,-99.7449,-80.44884,
0,0,0,0,-47.81387,-16.0484,0,16.0484,47.81387,0,-13.03448,-48.91454,0,-32.5807,-41.14836,-20.978,-32.44627,-96.06838,0,48.91454,13.03448,-20.978,96.06838,32.44627,0,41.14836,32.5807,0,0,0,-13.03448,15.4883,-91.5614,48.91454,21.09415,-37.657,-47.81387,15.4883,37.657,-32.5807,77.69569,89.16818,96.06838,37.90972,0,16.0484,21.09415,91.5614,-32.44627,37.90972,0,41.14836,-61.34628,-89.16818,0,0,0,-48.91454,37.657,-21.09415,13.03448,91.5614,-15.4883,-16.0484,-91.5614,-21.09415,-41.14836,89.16818,61.34628,32.44627,0,-37.90972,47.81387,-37.657,-15.4883,-96.06838,0,-37.90972,32.5807,-89.16818,-77.69569,
0,0,0,0,10.32209,-46.60548,0,46.60548,-10.32209,0,-13.03448,-46.93817,0,-45.14894,-41.14836,-81.42558,-63.84998,-96.06838,0,46.93817,13.03448,-81.42558,96.06838,63.84998,0,41.14836,45.14894,0,0,0,-13.03448,-16.72724,-11.04738,46.93817,8.464004,27.07716,10.32209,-16.72724,-27.07716,-45.14894,17.20934,89.16818,96.06838,37.90972,0,46.60548,8.464004,11.04738,-63.84998,37.90972,0,41.14836,17.25623,-89.16818,0,0,0,-46.93817,-27.07716,-8.464004,13.03448,11.04738,16.72724,-46.60548,-11.04738,-8.464004,-41.14836,89.16818,-17.25623,63.84998,0,-37.90972,-10.32209,27.07716,16.72724,-96.06838,0,-37.90972,45.14894,-89.16818,-17.20934,
0,0,0,0,46.7492,-3.746623,0,3.746623,-46.7492,0,-4.311663,13.31097,0,-18.53097,-40.03016,-67.97025,-15.15575,-46.30389,0,-13.31097,4.311663,-67.97025,46.30389,15.15575,0,40.03016,18.53097,0,0,0,-4.311663,13.36766,-60.56821,-13.31097,53.53263,-20.7105,46.7492,13.36766,20.7105,-18.53097,33.63352,65.06682,46.30389,-55.14171,0,3.746623,53.53263,60.56821,-15.15575,-55.14171,0,40.03016,-69.70125,-65.06682,0,0,0,13.31097,20.7105,-53.53263,4.311663,60.56821,-13.36766,-3.746623,-60.56821,-53.53263,-40.03016,65.06682,69.70125,15.15575,0,55.14171,-46.7492,-20.7105,-13.36766,-46.30389,0,55.14171,18.53097,-65.06682,-33.63352,
0,0,0,0,-47.75041,-3.586233,0,3.586233,47.75041,0,49.02361,-45.99601,0,-47.17053,-2.544833,-33.50828,-99.33885,-0.5081773,0,45.99601,-49.02361,-33.50828,0.5081773,99.33885,0,2.544833,47.17053,0,0,0,49.02361,49.57243,-86.78144,45.99601,8.331812,-39.56126,-47.75041,49.57243,39.56126,-47.17053,34.15766,52.62324,0.5081773,-27.20391,0,3.586233,8.331812,86.78144,-99.33885,-27.20391,0,2.544833,25.24471,-52.62324,0,0,0,-45.99601,39.56126,-8.331812,-49.02361,86.78144,-49.57243,-3.586233,-86.78144,-8.331812,-2.544833,52.62324,-25.24471,99.33885,0,27.20391,47.75041,-39.56126,-49.57243,-0.5081773,0,27.20391,47.17053,-52.62324,-34.15766,
0,0,0,0,-3.667063,-20.56953,0,20.56953,3.667063,0,33.96414,-4.117579,0,-37.34268,-49.24894,-28.54319,-47.23179,-15.2552,0,4.117579,-33.96414,-28.54319,15.2552,47.23179,0,49.24894,37.34268,0,0,0,33.96414,-35.13535,-33.94522,4.117579,5.542923,2.801532,-3.667063,-35.13535,-2.801532,-37.34268,30.21317,-13.4734,15.2552,40.49708,0,20.56953,5.542923,33.94522,-47.23179,40.49708,0,49.24894,4.072459,13.4734,0,0,0,-4.117579,-2.801532,-5.542923,-33.96414,33.94522,35.13535,-20.56953,-33.94522,-5.542923,-49.24894,-13.4734,-4.072459,47.23179,0,-40.49708,3.667063,2.801532,35.13535,-15.2552,0,-40.49708,37.34268,13.4734,-30.21317,
0,0,0,0,-3.667063,-20.56953,0,20.56953,3.667063,0,33.96414,-4.117579,0,-37.34268,-49.24894,-28.54319,-47.23179,-15.2552,0,4.117579,-33.96414,-28.54319,15.2552,47.23179,0,49.24894,37.34268,0,0,0,33.96414,-35.13535,-33.94522,4.117579,5.542923,2.801532,-3.667063,-35.13535,-2.801532,-37.34268,30.21317,-13.4734,15.2552,40.49708,0,20.56953,5.542923,33.94522,-47.23179,40.49708,0,49.24894,4.072459,13.4734,0,0,0,-4.117579,-2.801532,-5.542923,-33.96414,33.94522,35.13535,-20.56953,-33.94522,-5.542923,-49.24894,-13.4734,-4.072459,47.23179,0,-40.49708,3.667063,2.801532,35.13535,-15.2552,0,-40.49708,37.34268,13.4734,-30.21317,
0,0,0,0,46.25212,-16.12033,0,16.12033,-46.25212,0,47.98913,6.310588,0,9.181613,-35.49176,-14.90929,-38.6615,-88.73806,0,-6.310588,-47.98913,-14.90929,88.73806,38.6615,0,35.49176,-9.181613,0,0,0,47.98913,-17.21438,-31.3063,-6.310588,80.48936,38.90766,46.25212,-17.21438,-38.90766,9.181613,41.04423,37.07528,88.73806,-13.11971,0,16.12033,80.48936,31.3063,-38.6615,-13.11971,0,35.49176,-45.67045,-37.07528,0,0,0,6.310588,-38.90766,-80.48936,-47.98913,31.3063,17.21438,-16.12033,-31.3063,-80.48936,-35.49176,37.07528,45.67045,38.6615,0,13.11971,-46.25212,38.90766,17.21438,-88.73806,0,13.11971,-9.181613,-37.07528,-41.04423,
0,0,0,0,15.41133,-27.7135,0,27.7135,-15.41133,0,-41.63837,-31.96173,0,29.12546,-35.80463,-99.61105,-17.89713,-65.54659,0,31.96173,41.63837,-99.61105,65.54659,17.89713,0,35.80463,-29.12546,0,0,0,-41.63837,-0.5571187,-51.10604,31.96173,10.10188,13.01412,15.41133,-0.5571187,-13.01412,29.12546,61.75393,61.88763,65.54659,60.71796,0,27.7135,10.10188,51.10604,-17.89713,60.71796,0,35.80463,-69.92924,-61.88763,0,0,0,-31.96173,-13.01412,-10.10188,41.63837,51.10604,0.5571187,-27.7135,-51.10604,-10.10188,-35.80463,61.88763,69.92924,17.89713,0,-60.71796,-15.41133,13.01412,0.5571187,-65.54659,0,-60.71796,-29.12546,-61.88763,-61.75393,
0,0,0,0,-33.76413,-27.47888,0,27.47888,33.76413,0,-0.2789199,-26.36454,0,12.90625,-33.46088,-77.87096,-85.03806,-31.86147,0,26.36454,0.2789199,-77.87096,31.86147,85.03806,0,33.46088,-12.90625,0,0,0,-0.2789199,39.96957,-78.61201,26.36454,78.54786,-34.1964,-33.76413,39.96957,34.1964,12.90625,63.27818,87.6019,31.86147,81.75943,0,27.47888,78.54786,78.61201,-85.03806,81.75943,0,33.46088,-68.64013,-87.6019,0,0,0,-26.36454,34.1964,-78.54786,0.2789199,78.61201,-39.96957,-27.47888,-78.61201,-78.54786,-33.46088,87.6019,68.64013,85.03806,0,-81.75943,33.76413,-34.1964,-39.96957,-31.86147,0,-81.75943,-12.90625,-87.6019,-63.27818,
0,0,0,0,-10.69636,-34.78841,0,34.78841,10.69636,0,12.04913,5.569381,0,-23.7895,-44.74187,-6.660546,-46.02565,-99.9275,0,-5.569381,-12.04913,-6.660546,99.9275,46.02565,0,44.74187,23.7895,0,0,0,12.04913,13.46161,-31.84897,-5.569381,35.94848,-36.49178,-10.69636,13.46161,36.49178,-23.7895,72.31272,-6.7257,99.9275,-99.48597,0,34.78841,35.94848,31.84897,-46.02565,-99.48597,0,44.74187,-94.5159,6.7257,0,0,0,5.569381,36.49178,-35.94848,-12.04913,31.84897,-13.46161,-34.78841,-31.84897,-35.94848,-44.74187,-6.7257,94.5159,46.02565,0,99.48597,10.69636,-36.49178,-13.46161,-99.9275,0,99.48597,23.7895,6.7257,-72.31272,
